DELTA:ENV:DETAILDIFFERENCE:ELEMENTS :Normalize ENV
20:67.7248677248677: 101 108 112 114 115 117 118 119 126 130 131 133 137 141 143 144 145 146 154 156 158 16 160 161 162 163 165 172 184 185 188 189 192 194 195 202 204 205 206 207 209 210 211 212 213 217 218 224 229 230 231 232 233 24 256 260 261 262 263 264 265 266 270 272 273 29 293 294 296 297 299 300 305 307 308 309 310 311 312 313 316 317 32 320 322 323 326 33 330 331 335 336 337 339 343 347 348 350 352 353 364 368 369 370 371 372 377 61 64 71 74 75 78 79 80 81 83 84 85 92 98 99: 8 9:0.354497354497354
20:71.6931216931217: 103 104 105 108 109 111 112 113 117 119 122 123 126 127 130 131 137 141 142 143 144 151 157 162 165 168 169 17 171 172 173 189 190 194 195 201 207 211 212 213 217 218 219 224 255 256 257 258 259 26 266 267 269 27 270 272 273 281 293 300 304 308 309 310 313 316 320 322 325 326 328 33 331 337 340 342 343 347 350 352 354 358 359 362 368 369 371 376 377 52 56 60 61 63 64 66 69 74 75 76 78 80 81 83 84 85 98: 7 9:0.433862433862434
20:76.7195767195767: 100 101 105 112 113 114 118 119 127 135 145 146 151 154 156 157 16 160 161 163 168 169 17 171 184 185 194 197 201 202 205 207 209 210 213 219 229 234 24 255 258 259 260 262 263 264 265 267 269 281 296 297 305 307 312 317 32 322 336 339 340 342 347 348 354 358 362 368 369 370 371 372 52 55 56 60 61 63 66 69 71 76 79 81 84 85 92 99: 7 8:0.534391534391534
20:62.4338624338624: 103 104 105 108 109 110 111 112 114 115 117 118 119 122 123 126 128 129 130 132 133 136 137 141 142 143 144 145 146 147 154 156 157 16 164 168 169 170 171 172 173 174 190 191 194 195 196 197 202 206 207 208 210 211 212 217 218 22 223 224 23 24 256 257 258 259 26 266 27 270 272 273 274 276 281 29 292 293 294 296 298 299 300 301 304 305 308 309 310 311 312 313 316 317 319 322 323 324 325 326 327 328 329 330 337 338 339 341 342 343 347 348 350 352 356 357 358 359 368 369 370 371 377 39 40 55 56 60 61 63 64 65 66 67 68 69 74 75 78 79 81 82: 6 9:0.248677248677249
20:68.2539682539683: 102 105 108 109 110 111 122 123 129 13 131 136 137 146 147 148 149 154 155 156 157 16 160 161 163 165 168 169 170 174 184 188 189 190 191 194 195 196 197 204 205 206 208 209 210 212 213 222 223 229 230 234 236 237 240 255 257 258 26 262 263 264 265 27 274 276 281 282 292 293 295 296 297 301 307 312 316 318 319 32 320 322 33 331 336 339 341 342 343 353 356 357 358 368 372 38 39 40 50 51 55 56 6 60 63 64 65 66 67 68 71 75 80 81 82 85 89 92 98 99: 6 8:0.365079365079365
20:77.7777777777778: 100 110 112 113 114 118 119 130 131 135 136 145 147 151 154 155 164 165 169 17 170 171 174 191 195 196 201 202 206 207 208 210 212 213 219 24 258 267 269 274 276 292 293 296 297 301 305 312 316 317 320 322 33 340 341 343 347 348 354 356 357 362 369 371 373 38 39 40 52 61 64 65 67 68 69 72 75 76 79 80 82 84 85 98: 6 7:0.555555555555555
20:79.3650793650794: 100 102 105 112 117 126 130 131 141 143 144 149 154 155 156 161 164 165 171 172 173 194 202 206 208 212 213 217 218 224 227 24 256 266 270 272 273 275 278 279 28 281 294 296 300 301 308 309 310 311 313 320 322 347 348 350 352 355 359 368 372 47 50 53 54 58 59 61 62 69 72 74 75 78 80 81 88 92: 5 9:0.587301587301587
20:71.1640211640212: 100 101 103 105 116 118 119 136 137 145 146 155 157 158 159 160 162 163 165 168 171 183 184 185 188 189 192 193 195 198 199 204 205 207 208 209 210 22 226 227 229 23 230 231 232 233 242 243 245 250 251 256 260 261 262 263 264 265 275 278 279 28 281 284 285 29 292 296 297 304 305 307 309 316 317 32 323 327 33 330 334 335 336 337 339 343 353 364 365 366 367 370 371 42 43 62 64 68 71 72 79 80 82 83 84 85 88 98 99: 5 8:0.423280423280423
20:65.6084656084656: 102 103 106 107 111 112 113 114 116 119 131 136 137 151 154 155 156 158 159 16 161 162 164 165 169 17 188 189 190 191 194 195 197 198 199 20 201 202 204 207 208 21 213 219 22 222 23 24 241 242 251 255 256 258 259 26 263 267 269 27 275 278 279 28 283 286 296 30 301 304 309 313 316 318 327 328 329 33 330 334 335 337 338 340 342 343 347 348 354 358 362 364 365 366 367 368 369 371 372 376 42 44 45 51 52 54 55 56 58 61 62 63 64 65 66 68 69 72 76 80 81 83 84 85 86 88 89 92 94 98: 5 7:0.312169312169312
20:66.6666666666667: 103 104 105 108 109 110 111 112 115 117 118 122 123 126 128 129 130 136 137 141 142 143 144 147 148 154 156 157 165 168 169 17 172 173 190 191 194 195 196 197 202 206 207 208 210 211 212 213 217 218 222 223 224 233 24 256 258 259 26 266 27 270 272 273 274 281 292 293 294 298 299 304 308 309 31 310 311 313 316 317 320 322 323 324 325 326 327 328 329 33 330 331 337 339 342 343 347 348 350 352 356 357 359 368 369 372 376 377 38 51 58 61 63 64 65 66 67 68 69 74 75 78 81 83 85 92: 4 9:0.333333333333333
20:71.1640211640212: 100 101 102 103 104 105 110 111 131 143 145 146 147 148 149 152 154 156 157 16 160 161 163 165 168 169 17 184 185 190 191 195 196 197 204 205 208 209 210 213 222 223 226 227 229 231 250 251 255 258 259 26 261 262 263 264 265 27 274 28 281 293 296 297 30 300 307 309 310 312 318 319 32 334 335 336 342 343 356 357 364 366 367 368 370 371 372 373 38 39 42 43 51 63 64 65 66 67 68 71 75 79 80 81 89 96 97 98 99: 4 8:0.423280423280423
20:82.8042328042328: 110 112 113 115 118 119 131 147 151 154 165 17 170 171 195 196 197 201 202 207 208 210 219 223 24 251 267 269 274 293 30 300 309 311 317 322 339 340 343 347 348 354 356 357 358 362 366 367 369 371 373 38 52 56 60 61 64 67 68 69 76 80 84 92 98: 4 7:0.656084656084656
20:88.3597883597884: 145 152 165 17 170 174 206 212 213 226 227 240 244 250 251 258 276 28 296 30 300 301 309 312 316 320 322 33 339 341 358 366 372 40 55 56 6 60 72 75 79 82 85 92: 4 6:0.767195767195767
20:68.7830687830688: 102 103 106 107 110 111 115 116 118 123 128 129 131 136 137 143 147 148 149 152 154 155 156 157 158 16 161 162 165 168 169 17 170 171 188 189 190 191 193 195 196 197 20 207 210 213 22 222 223 23 232 233 255 256 258 259 26 27 274 275 278 279 283 292 293 296 298 300 301 304 31 313 316 317 318 319 323 324 325 327 328 329 33 330 337 338 339 343 356 357 368 372 373 377 38 39 50 51 53 62 63 64 65 66 67 68 72 80 81 83 84 85 86 87 88 89 96 97: 4 5:0.375661375661376
20:55.8201058201058: 103 104 105 108 109 112 115 118 119 122 123 126 127 128 129 131 135 136 137 140 141 142 143 145 146 147 148 151 154 155 156 157 16 162 165 168 169 17 170 171 172 174 175 191 192 195 196 197 20 202 206 207 208 210 211 212 213 217 22 220 221 222 223 224 225 228 229 24 25 254 256 257 258 259 26 260 266 27 270 272 28 281 287 292 293 295 30 302 304 305 306 307 308 309 31 310 311 312 316 317 318 320 321 322 323 324 325 326 327 329 33 330 331 333 337 338 339 340 341 342 343 345 346 347 351 352 355 356 357 358 361 362 363 368 369 370 371 372 373 376 39 54 56 60 61 65 66 67 68 69 70 71 73 74 75 78 79 80 81 82 83 84 85 86 89 93 98: 3 9:0.116402116402117
20:52.9100529100529: 10 102 105 108 109 11 110 117 119 12 127 130 136 137 14 140 143 144 146 147 148 149 15 151 154 155 156 157 16 160 161 162 164 166 167 168 169 17 170 171 172 174 175 177 18 181 185 19 191 194 196 197 20 206 208 209 213 218 220 221 222 223 225 228 232 234 237 248 249 25 252 253 254 256 257 258 259 26 263 264 265 27 273 28 281 282 283 287 29 290 292 293 294 295 296 297 300 301 302 304 306 308 309 31 310 311 312 313 316 317 318 319 32 322 323 324 325 330 331 333 336 34 340 341 342 345 346 347 348 35 350 351 353 355 356 357 358 36 361 362 363 369 37 372 373 374 375 39 49 50 51 53 56 59 6 60 61 64 65 66 67 70 73 74 75 80 81 82 83 84 86 89 9 91 92 93 96 99: 3 8:0.0582010582010581
20:69.5767195767196: 102 105 108 109 111 112 113 115 117 118 119 130 135 136 137 140 144 145 149 154 155 16 162 167 170 172 174 175 191 194 196 197 201 202 206 207 208 210 218 219 220 221 222 223 225 228 229 24 25 256 267 269 273 28 292 295 296 297 300 302 304 305 306 307 308 309 31 310 311 312 313 316 317 322 323 324 325 330 331 333 339 341 345 346 350 351 354 355 356 357 361 363 370 371 372 373 39 54 60 63 64 67 69 70 71 73 74 76 79 80 82 83 84 89 93: 3 7:0.391534391534391
20:71.4285714285714: 105 108 109 111 114 117 119 130 131 136 137 140 144 151 153 16 162 164 165 169 17 171 172 175 190 191 193 194 195 210 212 213 218 220 221 222 223 225 228 229 25 256 258 273 274 276 28 293 294 295 296 300 301 302 304 306 307 308 309 310 311 313 317 320 323 324 325 33 330 331 333 339 340 343 345 346 347 348 350 351 355 356 357 361 362 363 369 372 373 38 40 60 61 63 64 68 70 71 73 74 75 82 83 84 85 89 93 98: 3 6:0.428571428571429
20:68.5185185185185: 105 108 109 11 111 117 119 130 131 136 137 140 144 145 151 16 162 164 167 17 170 171 172 174 175 190 191 194 195 206 210 218 220 221 222 223 225 228 229 247 248 25 251 253 256 273 274 287 290 292 293 294 295 30 302 304 305 306 307 308 310 311 312 313 316 317 322 323 324 325 330 331 333 339 340 341 343 345 346 347 348 35 350 351 355 356 357 358 361 362 363 369 37 370 373 375 38 44 48 49 56 60 61 63 64 68 70 71 72 73 74 79 82 83 84 89 92 93 98: 3 4:0.37037037037037
20:58.994708994709: 104 108 109 111 112 113 116 117 118 122 123 125 128 129 134 135 137 140 142 147 148 149 151 155 156 16 163 164 168 169 17 170 171 172 176 178 186 187 189 190 191 193 196 197 201 202 203 206 207 209 213 214 215 216 218 219 220 222 228 229 234 24 240 241 25 256 261 262 266 267 268 270 271 272 273 274 275 276 277 278 279 28 280 281 29 292 293 295 296 297 299 300 301 307 309 310 312 315 316 32 321 323 324 325 327 331 332 336 337 338 339 341 344 346 347 349 351 352 353 354 355 357 358 360 361 362 41 50 54 56 60 62 63 67 68 69 70 71 72 74 75 76 77 79 80 81 82 83 84 86 89 93 97 98 99: 20 5:0.17989417989418
20:66.9312169312169: 104 105 112 114 116 117 119 130 131 133 136 140 141 142 143 146 148 150 153 154 155 157 16 163 164 165 168 169 17 170 171 173 175 176 178 186 189 190 191 192 193 195 196 202 206 207 209 210 211 212 213 217 218 220 221 225 228 256 258 259 268 272 275 276 279 280 281 29 292 293 297 298 301 307 313 316 317 32 321 324 326 327 330 331 336 338 339 340 341 343 344 345 353 355 357 358 360 362 368 369 372 373 40 52 53 54 55 57 59 60 61 63 68 7 77 8 81 83 84 86 87 88 89 93 97: 2 5:0.338624338624339
20:56.8783068783069: 105 108 109 110 111 112 114 117 118 119 122 128 129 130 131 134 136 137 140 141 142 146 147 148 149 150 151 153 154 155 156 157 16 162 163 164 165 168 169 17 170 172 187 189 195 197 201 202 203 206 207 208 209 210 211 212 213 214 215 216 217 218 219 222 224 225 229 234 235 24 240 241 25 254 255 258 259 262 263 266 267 27 270 271 273 274 275 277 278 279 28 282 283 293 295 296 297 298 299 300 301 306 307 309 310 312 313 317 32 321 323 325 326 327 330 331 332 336 341 345 347 349 351 352 354 355 358 360 361 368 369 372 40 41 50 52 53 55 56 57 59 60 61 62 63 68 69 7 70 71 72 74 75 76 77 79 80 82 87 88 93 98 99: 2 20:0.137566137566138
20:50: 102 108 109 114 115 117 118 119 120 122 123 124 125 126 127 128 129 13 131 135 137 141 144 147 154 157 159 160 161 165 169 17 171 174 175 176 178 179 18 180 181 184 185 190 191 194 196 197 198 199 2 20 201 202 203 204 205 208 21 210 212 213 214 215 217 218 22 222 224 225 226 227 229 23 230 233 234 237 24 242 243 246 247 250 251 256 258 263 266 267 268 269 270 271 273 274 276 277 278 28 280 281 282 283 290 292 294 295 3 302 303 306 307 308 309 31 310 313 314 315 317 32 320 322 326 33 331 334 337 34 340 341 344 345 347 348 349 350 351 352 353 354 355 356 357 360 361 362 364 365 367 369 370 372 373 377 38 4 44 45 46 48 5 50 52 54 55 58 60 62 63 64 65 67 68 70 75 77 78 81 82 83 84 90 91 92 94 95 98: 19 9:0
20:50.7936507936508: 100 101 105 110 112 115 116 117 120 121 122 124 125 127 130 133 135 143 144 145 146 147 149 156 157 158 159 16 160 162 163 168 169 17 171 172 174 175 176 179 182 184 185 188 189 190 191 195 196 197 198 199 20 200 201 202 203 204 205 207 208 209 21 214 215 22 221 222 225 226 227 229 23 230 231 232 233 234 235 242 243 247 250 251 258 260 261 262 264 265 267 268 269 270 271 274 276 278 28 280 281 283 284 285 289 29 290 293 296 297 298 300 302 305 306 307 309 31 312 314 315 32 328 329 330 334 335 336 337 339 340 341 343 344 345 349 351 354 355 356 357 360 361 362 364 365 366 367 368 371 373 42 43 50 51 52 53 54 55 58 60 61 62 63 64 65 67 68 69 70 71 77 79 80 81 82 83 84 85 87 94 95 96 97 98 99: 19 8:0.015873015873016
20:64.8148148148148: 105 108 112 115 117 118 119 122 123 127 128 129 130 135 137 143 144 147 149 155 156 159 16 160 164 169 17 171 172 173 174 175 176 190 191 195 196 197 20 200 201 202 203 208 210 214 215 225 229 23 233 234 256 258 262 263 267 268 269 270 271 274 275 276 278 279 28 280 281 292 293 295 296 300 302 305 306 307 311 314 315 316 317 318 319 32 327 33 337 340 341 344 345 349 351 353 354 355 356 357 360 361 362 368 373 377 51 53 54 55 58 59 60 62 63 64 65 67 68 69 70 72 74 77 80 82 83 84 87 88 96 97 98: 19 5:0.296296296296296
20:59.2592592592593: 102 103 104 105 106 107 112 116 117 121 124 125 127 130 131 133 135 136 143 144 148 151 159 160 161 165 168 17 170 172 173 174 175 176 179 180 181 184 185 189 199 200 201 202 203 207 208 21 210 213 214 215 22 222 223 225 229 23 230 232 233 234 235 237 242 243 255 258 259 26 260 263 265 267 268 269 27 270 271 274 276 278 28 280 281 282 283 285 290 295 298 301 302 303 305 306 307 31 311 314 315 316 32 324 325 328 329 330 337 339 34 340 341 342 343 344 345 349 351 354 355 360 361 362 364 365 368 372 373 376 38 39 50 52 54 55 58 60 61 62 66 68 69 70 74 77 81 82 83 84 85 89 95 98: 19 4:0.185185185185185
20:67.7248677248677: 104 105 108 109 112 113 115 116 117 118 127 130 134 135 137 140 142 143 148 151 152 153 154 16 160 161 162 163 168 17 170 183 186 187 189 196 20 206 207 210 213 216 218 219 222 225 228 229 24 240 241 25 258 263 266 270 271 272 277 28 283 29 293 297 299 302 305 306 307 309 310 312 317 321 324 325 327 33 337 338 339 345 347 349 351 352 353 354 355 356 357 358 360 362 368 370 372 41 50 51 52 53 55 56 58 59 60 63 64 65 66 68 71 75 76 77 79 81 82 89 93 99: 19 20:0.354497354497354
20:62.1693121693122: 104 105 108 109 111 114 115 116 119 122 127 128 129 131 135 136 140 141 142 143 144 146 147 148 149 150 151 153 154 155 156 157 159 16 160 161 163 164 165 168 169 170 172 186 189 193 197 20 200 201 202 206 207 208 209 210 211 212 213 214 215 217 223 225 228 234 235 254 258 262 263 267 269 27 271 272 274 275 278 293 295 296 297 298 300 301 302 305 306 311 314 315 318 32 326 33 330 331 336 337 338 339 341 343 345 349 351 353 356 358 361 362 369 372 377 40 47 51 52 53 54 57 58 61 62 63 64 65 66 7 70 72 8 80 81 82 86 87 88 89 93 96 98: 19 2:0.243386243386243
20:64.021164021164: 104 105 106 109 112 113 114 115 116 117 118 126 130 131 132 133 137 140 141 142 146 150 152 154 157 16 162 163 165 168 169 17 172 173 175 176 178 188 190 191 197 200 202 203 206 207 208 210 213 214 215 216 218 221 222 224 225 228 229 231 232 233 234 235 25 250 256 267 269 270 271 273 275 279 281 292 293 294 295 298 299 30 300 302 304 305 306 308 31 312 314 315 32 320 324 327 33 330 331 336 338 340 342 343 344 346 347 348 355 357 359 360 361 363 369 372 373 56 64 65 67 68 69 7 71 72 74 75 80 81 82 83 84 88 89 98: 18 5:0.28042328042328
20:59.5238095238095: 105 106 108 111 112 113 114 116 117 118 122 123 126 128 129 130 134 140 141 142 148 149 150 151 152 153 154 155 156 157 165 168 17 170 171 172 173 175 186 187 188 189 193 196 197 20 202 203 206 207 208 210 213 216 218 219 221 225 228 231 234 235 24 240 241 254 256 262 263 266 269 270 271 272 273 274 275 276 277 278 28 280 281 292 294 296 297 298 299 301 302 304 305 306 307 308 309 310 318 320 321 323 325 327 330 331 332 337 339 340 342 343 344 346 348 349 351 352 353 354 355 357 359 360 361 363 369 371 41 50 53 54 60 62 63 65 67 68 70 71 74 76 77 79 81 82 86 87 88 93 96 97 98: 18 20:0.19047619047619
20:60.5820105820106: 105 106 107 109 112 113 114 115 116 117 119 126 131 137 141 143 146 150 152 153 155 16 162 164 165 169 171 173 175 186 188 189 192 193 195 196 197 200 202 203 208 209 210 211 212 214 215 216 217 221 222 224 225 228 229 233 234 25 256 258 259 267 268 269 27 271 272 273 276 279 280 281 292 293 294 295 298 299 300 301 302 304 305 306 308 309 312 317 32 320 321 325 326 329 330 331 336 339 340 341 342 343 344 345 346 347 348 353 355 357 358 359 361 362 363 368 369 38 40 43 52 53 54 55 56 57 59 6 60 61 64 67 69 71 72 74 75 77 8 80 81 82 86 87 9 92 93 97 98: 18 2:0.211640211640212
20:60.0529100529101: 104 106 108 109 112 113 116 117 119 126 127 128 129 132 135 137 140 141 142 143 149 150 151 152 154 155 156 157 160 161 162 163 165 168 171 172 173 175 188 192 193 196 20 202 203 206 207 208 212 213 214 216 221 222 228 229 231 232 234 235 240 241 25 254 256 258 259 262 263 268 269 271 273 275 276 278 279 280 292 294 296 298 299 30 301 306 308 312 317 318 319 320 323 33 330 331 337 338 339 340 342 343 344 345 346 347 348 349 351 354 355 356 357 359 361 362 363 368 369 370 371 372 377 51 53 54 55 56 58 59 6 60 62 63 64 66 67 7 70 71 72 74 75 80 86 87 88 89 96 97 98: 18 19:0.201058201058201
20:59.7883597883598: 104 105 108 109 116 117 118 123 125 126 127 130 132 134 136 137 141 142 144 145 147 148 153 154 155 156 16 160 168 169 17 172 173 174 175 176 178 180 188 189 190 195 196 200 202 203 206 208 210 211 213 214 215 216 217 219 222 224 228 230 233 235 24 254 258 260 266 268 269 27 270 271 272 274 275 276 277 278 279 28 281 282 283 292 294 296 297 298 299 30 300 301 304 305 307 312 317 32 320 321 324 325 327 332 336 340 342 344 345 346 348 349 350 351 352 353 355 357 359 360 361 362 363 368 370 376 54 56 57 62 64 65 66 67 68 69 7 72 73 74 78 79 80 81 82 83 84 85 88 92 93 99: 17 5:0.195767195767196
20:60.5820105820106: 102 104 105 106 111 112 113 117 119 122 126 127 129 130 134 135 136 140 141 142 144 145 146 147 149 151 153 154 160 163 164 168 169 17 170 171 173 174 175 186 187 188 189 191 192 194 195 197 202 203 206 207 208 210 211 216 217 218 219 222 224 228 229 234 235 240 241 25 256 257 258 262 266 267 269 270 271 28 280 281 282 283 29 293 294 295 298 300 304 305 308 310 316 317 32 320 323 329 331 332 337 338 339 340 342 345 346 347 348 349 350 351 352 354 355 356 357 360 363 366 368 370 372 373 376 41 50 53 57 64 66 67 7 70 71 72 73 75 76 77 78 83 86 87 92 93 97 98 99: 17 20:0.211640211640212
20:57.1428571428571: 104 105 107 108 110 112 117 118 119 126 127 130 131 137 140 144 145 146 147 148 150 153 155 156 157 16 160 162 163 165 170 171 172 173 174 175 186 188 191 192 193 195 200 203 207 208 209 210 212 213 214 215 216 217 218 221 222 223 224 225 228 235 24 254 256 257 259 262 263 269 27 270 271 273 274 275 277 278 279 280 281 283 293 294 296 297 298 299 300 301 304 305 306 307 309 312 313 316 320 321 322 325 326 327 33 330 332 336 338 339 341 342 343 346 348 350 351 357 358 359 360 361 363 368 370 371 372 373 376 40 43 52 53 55 56 59 60 61 62 63 64 66 67 68 69 72 73 74 75 78 79 8 80 82 83 86 87 88 9 92 97 99: 17 2:0.142857142857143
20:57.4074074074074: 100 102 106 108 109 112 114 115 116 117 118 119 126 127 128 130 132 134 136 137 141 142 143 144 145 146 147 148 149 153 154 160 161 162 164 168 169 171 173 174 175 183 188 189 192 195 197 20 201 202 203 206 208 210 211 213 216 217 219 221 224 225 229 234 235 24 256 258 263 267 269 270 272 277 279 280 281 283 291 294 295 297 298 299 30 300 302 304 305 306 307 309 312 313 316 318 319 32 320 321 322 323 324 325 327 329 33 331 332 336 337 339 342 345 346 348 350 353 356 357 360 362 363 368 369 370 373 376 377 47 51 53 54 55 56 57 58 59 60 63 64 65 66 67 68 7 70 72 73 78 79 81 83 85 87 92 93 96 97 98 99: 17 19:0.148148148148148
20:59.7883597883598: 104 108 112 113 114 116 118 127 130 131 134 135 136 140 143 144 145 146 147 148 150 152 153 155 156 157 160 163 164 165 169 171 173 174 175 189 191 194 195 196 197 202 207 210 211 212 213 217 218 219 221 222 223 224 225 229 234 24 25 254 256 257 258 262 266 267 27 270 271 272 273 275 276 277 278 282 283 292 295 296 297 300 301 302 304 305 306 307 308 313 316 317 32 320 321 322 324 325 327 329 33 330 331 332 338 340 343 344 345 347 350 351 352 353 355 356 359 360 361 368 369 370 371 372 373 376 54 56 57 6 60 62 63 66 68 71 72 73 74 75 76 78 79 81 82 83 85 88 92 93 98 99: 17 18:0.195767195767196
20:64.5502645502646: 102 103 104 105 114 122 123 129 131 133 135 136 137 140 141 142 149 150 151 156 16 162 164 165 168 17 170 172 174 176 178 190 191 196 197 200 201 203 21 214 215 218 220 221 222 223 224 229 234 239 24 241 25 254 262 263 267 268 27 270 273 274 275 276 278 279 281 29 291 292 293 296 300 301 304 305 308 311 314 315 316 318 319 32 320 321 326 327 332 333 340 341 344 345 346 348 350 351 352 354 355 356 358 360 362 363 372 38 39 40 51 54 56 57 58 59 6 62 63 65 68 7 71 72 74 77 78 79 83 84 86 88 96 97: 16 5:0.291005291005291
20:54.4973544973545: 102 104 105 106 107 110 111 113 114 115 116 120 124 125 127 135 140 141 142 143 146 147 150 151 155 156 158 160 169 171 172 174 176 178 184 185 191 193 198 199 20 200 201 203 204 21 210 214 215 216 218 22 220 221 224 225 229 23 230 232 233 234 235 236 237 24 242 243 25 256 259 26 260 261 262 263 267 268 269 270 273 274 275 276 280 281 283 285 287 288 29 293 297 298 299 30 303 305 307 308 309 310 311 312 313 314 315 316 317 32 320 321 323 326 327 328 329 33 332 333 334 337 339 340 341 343 344 345 346 348 350 351 352 354 355 357 358 359 360 362 363 364 365 374 377 50 53 56 57 58 59 6 60 63 64 66 67 68 7 71 74 75 77 78 79 81 84 85 88 89 94 95: 16 4:0.08994708994709
20:62.4338624338624: 103 104 105 108 109 112 114 116 117 118 131 132 133 134 135 136 137 141 146 150 151 152 154 155 162 163 165 168 169 171 172 186 187 189 191 193 197 20 206 207 21 211 213 216 219 221 223 224 225 228 229 24 240 25 256 263 266 267 27 272 273 277 278 28 280 29 291 293 295 297 30 304 305 307 308 309 31 310 312 315 318 319 320 323 324 325 326 331 332 333 337 338 339 34 340 341 344 345 346 347 349 35 350 351 352 353 356 360 361 37 370 372 373 377 38 39 40 41 50 51 53 55 57 58 6 60 62 63 65 68 69 7 74 75 76 77 78 81 82 83 88 9: 16 20:0.248677248677249
20:55.026455026455: 102 103 104 105 109 11 110 114 116 119 123 128 129 130 132 133 135 137 140 142 143 146 148 149 150 151 153 154 155 156 157 16 163 164 169 17 170 171 173 186 187 191 192 193 197 200 201 202 206 207 209 21 210 211 212 213 214 215 217 221 222 223 224 228 234 235 239 25 254 255 256 259 262 263 267 268 269 27 272 273 274 275 278 28 280 282 29 290 291 296 297 298 299 30 300 301 305 308 309 31 312 313 315 317 318 319 32 320 321 324 326 327 329 330 332 333 336 338 339 34 340 344 346 348 35 350 351 352 353 354 355 356 357 358 359 360 368 369 37 371 373 38 39 40 43 51 52 53 55 56 57 58 59 6 60 61 62 65 71 72 74 78 79 80 81 83 86 87 93 96: 16 2:0.100529100529101
20:68.7830687830688: 103 104 110 114 115 127 130 131 133 141 142 146 150 151 155 159 161 165 168 17 170 171 173 175 181 191 20 208 21 210 218 221 222 223 224 225 23 24 25 255 256 258 262 271 273 278 28 280 281 282 29 290 291 293 302 305 306 308 31 313 317 320 321 326 327 33 330 332 333 337 34 340 341 342 344 345 346 349 35 350 352 353 354 355 357 360 361 362 368 37 372 373 377 38 39 40 53 54 55 56 57 59 6 60 61 62 64 66 69 7 71 74 78 79 82 83 87 88: 16 19:0.375661375661376
20:56.8783068783069: 102 103 104 106 107 109 11 110 112 113 114 115 116 117 123 126 129 130 131 132 133 135 137 140 141 142 146 148 149 151 152 153 154 155 156 157 162 163 17 170 173 175 186 187 188 191 196 202 203 206 208 21 210 212 213 216 223 224 225 228 229 231 234 235 238 239 241 25 254 255 256 262 263 269 27 271 275 276 278 279 28 281 29 290 291 292 293 294 296 298 299 30 301 302 305 306 31 312 313 315 318 319 321 324 326 327 330 331 332 333 338 34 340 341 342 343 345 346 347 348 35 350 351 352 354 356 357 359 360 369 37 370 371 373 38 39 40 51 54 55 56 57 58 59 6 62 64 67 69 7 71 75 78 79 80 82 83 86 87 9 96 97 98: 16 18:0.137566137566138
20:55.2910052910053: 102 103 108 109 11 113 114 116 117 118 126 127 130 131 132 133 134 136 137 141 142 143 144 145 147 149 150 151 153 154 155 160 162 164 165 169 17 170 171 173 174 175 181 188 191 195 197 202 203 206 207 208 21 210 211 213 216 217 218 221 222 223 224 225 229 234 235 238 239 24 25 257 262 263 264 269 270 271 272 273 277 278 279 28 281 282 283 29 290 291 293 294 295 297 299 30 300 304 307 308 31 312 315 316 317 318 319 32 320 322 324 325 326 329 330 333 336 34 341 342 344 346 348 35 350 352 353 354 355 356 357 361 368 37 370 372 376 38 39 40 51 57 58 59 6 60 62 63 64 66 67 68 69 7 71 72 73 74 81 82 86 87 88 9 92 93 96 97 99: 16 17:0.105820105820106
20:62.4338624338624: 102 103 108 112 113 116 117 118 123 126 127 134 135 140 141 144 145 147 150 153 155 156 16 165 171 172 173 174 176 178 186 189 190 191 196 197 20 201 202 203 209 214 215 217 218 223 224 225 229 233 234 24 241 25 254 256 258 259 26 262 267 268 270 271 273 275 276 277 278 279 28 281 283 293 296 298 300 303 304 307 311 312 314 315 316 317 321 327 329 33 330 332 333 340 341 342 343 344 345 346 348 351 352 353 355 356 357 358 359 360 361 362 370 372 373 39 40 41 50 53 54 56 57 58 59 64 68 7 70 71 72 74 76 77 78 84 85 87 92 97 98 99: 15 5:0.248677248677249
20:67.989417989418: 103 104 109 112 116 118 126 127 129 131 134 137 141 142 150 151 154 162 165 168 169 170 187 193 194 197 207 209 21 213 216 217 218 219 222 223 225 228 229 24 240 259 26 266 268 270 272 274 275 277 278 280 29 295 296 297 300 301 303 304 305 307 309 310 311 312 317 320 321 324 325 327 329 33 330 333 338 339 340 341 342 343 344 345 346 347 348 349 352 353 354 355 356 360 368 370 372 373 377 38 39 40 41 53 55 57 59 62 63 64 68 69 7 75 77 80 81 82 83 86 89: 15 20:0.35978835978836
20:58.994708994709: 102 103 104 105 108 109 110 114 116 118 119 126 127 128 130 131 133 135 136 140 142 143 144 145 146 147 148 149 150 153 154 155 156 157 16 163 164 169 17 170 172 187 189 193 195 20 201 202 203 206 211 212 213 214 215 217 223 224 228 234 235 24 25 254 255 259 26 262 264 267 268 269 27 271 272 273 277 278 279 28 280 283 292 293 296 297 298 299 300 301 303 304 306 311 312 313 314 32 320 324 326 329 331 332 333 336 338 339 340 341 342 343 344 346 348 353 358 359 360 361 368 369 370 373 39 41 43 50 52 53 55 56 57 58 60 61 64 68 70 71 72 74 75 76 78 81 83 86 87 88 89 92 93 98 99: 15 2:0.17989417989418
20:70.8994708994709: 103 105 108 110 115 116 119 126 127 130 134 135 140 141 143 149 150 153 160 165 169 17 186 189 197 208 209 21 210 212 217 222 223 224 225 24 25 255 258 259 263 264 268 271 279 28 280 283 295 300 302 303 304 305 306 312 319 32 321 322 33 330 333 337 340 341 343 344 345 346 348 349 351 356 358 360 361 362 368 372 373 377 38 39 40 41 50 51 52 54 55 56 57 58 59 60 62 63 64 65 66 68 7 71 76 80 82 83 85 88: 15 19:0.417989417989418
20:57.4074074074074: 102 103 104 105 106 107 108 109 112 113 115 116 117 127 130 131 132 133 135 136 137 140 141 142 149 152 153 154 155 156 157 162 168 169 17 171 172 175 186 187 188 189 194 196 197 20 202 203 206 208 209 21 210 213 216 217 221 222 223 225 228 229 234 235 24 240 241 254 255 256 259 26 262 264 268 269 273 275 276 277 278 28 281 283 292 294 295 296 299 30 300 301 302 303 304 305 306 307 308 311 312 317 320 321 324 330 331 332 333 338 34 341 342 345 347 352 353 354 355 356 357 359 360 361 363 369 370 371 373 38 39 40 50 52 53 54 55 57 59 6 60 64 67 68 70 74 75 76 78 8 80 81 82 83 85 87 88 89 96 97 98: 15 18:0.148148148148148
20:60.0529100529101: 102 103 105 109 112 113 114 116 117 118 135 136 137 140 141 142 144 145 146 147 149 150 153 154 160 162 164 165 168 169 17 171 173 174 175 186 188 189 192 195 20 201 202 203 206 207 208 209 21 210 211 212 213 216 218 222 224 225 229 234 235 24 241 25 255 256 257 259 264 267 268 269 270 271 272 277 28 280 281 294 296 297 299 30 303 304 305 307 308 311 312 316 32 320 321 324 325 327 329 33 330 331 332 333 336 34 340 341 342 343 344 349 350 351 353 357 363 370 372 376 38 39 40 50 53 57 58 59 62 63 64 66 67 68 69 70 71 72 73 76 78 80 81 82 83 87 92 93 97 98 99: 15 17:0.201058201058201
20:70.8994708994709: 104 105 108 112 114 116 117 126 127 131 133 134 135 136 137 142 149 151 155 160 163 17 170 171 172 173 186 189 191 197 20 209 21 212 216 217 221 222 239 24 25 256 259 262 263 268 271 273 278 279 280 282 283 29 291 293 296 300 303 304 305 308 31 312 315 317 318 319 320 321 326 327 33 330 332 340 341 342 343 346 348 35 350 351 352 353 354 355 356 357 361 37 38 40 50 51 53 59 6 60 64 68 70 71 74 76 83 86 87 88: 15 16:0.417989417989418
20:63.7566137566138: 103 108 111 112 113 114 117 127 131 133 134 135 137 140 145 147 149 155 156 164 165 17 173 174 175 176 178 189 191 193 195 196 197 202 203 208 209 21 212 213 214 215 218 219 220 221 222 223 224 225 229 232 233 235 24 254 255 265 270 275 276 277 278 279 280 293 294 296 299 300 301 303 306 308 310 311 314 315 316 317 32 323 327 328 33 330 331 332 333 341 342 343 344 345 346 347 349 351 352 353 355 356 357 360 361 362 363 371 376 377 39 50 51 52 53 54 55 56 57 63 64 65 67 69 7 71 74 75 78 79 80 84 86 87 89 96 97: 14 5:0.275132275132275
20:65.6084656084656: 103 104 108 109 112 116 117 119 127 128 129 131 137 142 148 151 16 162 163 165 168 169 170 171 172 174 175 186 187 190 191 193 197 201 203 206 207 208 211 212 213 216 219 220 221 223 225 228 234 240 241 25 254 255 256 262 263 265 266 267 27 270 271 272 274 277 278 279 28 281 29 292 293 295 297 303 307 309 312 317 321 323 325 33 331 333 338 339 342 343 345 347 351 352 353 354 356 357 360 363 370 371 373 376 377 41 51 52 53 55 57 60 62 63 64 65 66 67 68 7 71 72 76 77 79 80 81 82 93 96: 14 20:0.312169312169312
20:59.7883597883598: 103 104 105 110 111 116 118 119 127 130 134 135 136 140 141 142 143 145 146 147 148 149 150 153 154 156 157 16 163 164 169 17 171 174 175 186 187 189 190 193 197 202 203 206 208 209 210 211 212 214 215 217 219 220 221 222 223 224 228 229 235 24 256 258 259 26 265 268 270 272 275 278 279 28 281 283 29 292 293 296 297 298 299 300 301 303 306 308 310 311 314 32 323 326 327 328 329 33 331 332 333 336 338 339 340 341 342 343 345 347 349 351 353 355 356 357 358 360 361 363 368 369 371 372 373 376 377 40 50 51 55 56 59 60 61 64 66 67 68 69 73 75 77 79 8 80 81 87 88 9 93 96: 14 2:0.195767195767196
20:67.989417989418: 103 104 105 108 109 110 113 114 115 118 119 128 130 131 134 135 140 143 156 160 161 165 17 171 172 174 175 189 193 196 20 201 203 208 209 210 218 219 220 221 222 223 225 229 232 234 24 240 241 254 256 258 26 263 265 268 27 270 271 278 279 28 280 281 283 292 299 301 302 303 305 306 310 318 319 323 327 330 331 332 333 337 340 342 343 345 347 349 354 355 357 360 362 363 368 371 372 373 376 50 52 55 56 57 58 59 60 61 62 64 67 7 71 72 75 79 80 82 86 88 89: 14 19:0.35978835978836
20:60.3174603174603: 103 104 105 107 108 109 110 111 112 113 114 115 117 118 126 127 130 131 134 135 137 140 141 142 149 150 152 153 154 155 156 157 16 162 163 164 168 17 173 174 175 186 187 188 189 190 191 196 202 206 210 212 216 219 220 223 225 228 234 235 24 25 256 258 26 265 267 269 27 270 271 273 275 276 278 28 280 281 283 29 292 294 296 298 301 302 303 305 306 308 310 311 312 317 320 321 323 327 33 330 332 333 338 340 341 343 344 345 346 347 348 349 351 352 353 355 359 360 361 362 369 370 371 373 376 377 38 50 51 52 53 54 55 57 59 67 71 72 74 76 78 79 80 82 86 87 88 96 97 98: 14 18:0.206349206349206
20:60.3174603174603: 103 104 105 111 112 113 116 117 118 126 127 130 131 135 136 137 140 141 142 144 145 146 147 149 153 154 160 162 164 165 168 169 17 171 172 173 188 189 190 192 193 195 197 202 206 207 210 211 213 216 217 218 220 221 222 224 225 229 235 254 257 258 26 260 263 265 269 27 271 272 277 278 28 280 282 283 292 294 295 297 298 300 301 303 304 305 307 308 310 311 312 313 316 32 320 321 323 324 325 329 33 330 331 332 333 336 340 341 343 345 346 347 348 349 350 353 355 356 368 369 370 372 377 50 51 52 53 55 62 63 66 68 70 72 73 75 78 79 80 81 82 83 86 87 88 92 93 96 97 99: 14 17:0.206349206349206
20:67.7248677248677: 104 108 109 11 114 118 128 129 132 133 134 135 140 141 142 146 150 151 155 170 173 174 175 189 190 191 193 203 208 21 219 220 224 225 229 234 238 239 24 241 254 255 258 26 262 263 265 27 270 273 279 280 281 29 290 291 292 293 294 303 305 308 31 310 313 315 317 318 319 320 321 323 326 33 331 332 333 34 340 341 342 343 344 345 346 347 348 349 35 350 352 353 354 357 361 37 372 376 377 38 39 50 52 53 57 58 6 62 64 66 67 68 69 71 72 74 75 79 80 83 88 9: 14 16:0.354497354497354
20:69.8412698412698: 102 108 109 114 116 118 126 127 128 131 133 141 149 150 163 164 171 172 174 175 186 193 197 20 201 203 208 209 21 211 212 217 218 219 220 221 222 229 234 24 240 241 25 254 255 256 258 259 26 262 263 264 265 268 27 270 271 275 278 280 281 298 300 301 303 304 307 310 312 323 327 33 331 333 340 342 343 344 346 347 348 349 351 354 355 356 357 363 371 372 376 377 39 40 41 51 52 57 59 64 67 68 69 70 71 72 75 76 79 8 80 86 89 96: 14 15:0.396825396825397
20:74.6031746031746: 105 109 112 117 118 119 126 130 131 134 136 137 143 144 146 147 150 154 155 156 157 16 163 164 165 168 17 170 194 196 197 202 207 208 209 210 211 212 214 215 217 218 224 227 24 256 257 258 259 266 28 281 282 283 293 299 303 309 310 320 322 326 327 331 337 342 343 347 348 352 353 356 357 359 368 369 370 372 56 61 62 67 68 69 71 74 75 78 80 81 82 83 85 92 93 99: 13 9:0.492063492063492
20:66.4021164021164: 100 101 103 118 132 133 134 141 145 146 147 150 152 154 155 156 157 158 159 16 160 161 162 163 168 169 17 170 173 176 183 184 185 188 189 192 193 195 196 197 198 199 204 205 208 210 213 214 215 226 227 229 23 230 231 232 233 242 243 250 251 257 258 259 260 261 262 263 264 265 270 273 28 281 284 285 289 29 293 296 297 298 299 300 301 307 309 312 313 316 32 328 329 33 334 335 336 339 342 343 350 356 357 364 365 366 367 371 376 377 42 43 56 62 64 67 68 69 75 79 80 81 84 85 89 93 98: 13 8:0.328042328042328
20:67.989417989418: 103 106 107 112 113 114 118 119 130 132 134 141 147 150 151 154 155 157 158 159 16 162 164 17 170 171 173 176 178 188 194 195 196 198 199 201 202 207 208 209 21 210 213 214 215 219 23 230 233 24 242 250 251 255 257 261 263 267 269 270 273 28 281 282 283 286 293 298 299 30 300 309 313 316 322 325 328 329 33 335 340 342 343 347 348 350 354 356 358 362 364 365 366 367 369 371 372 373 376 377 52 55 60 61 62 63 64 67 68 71 72 75 76 80 82 84 92 93 94 98 99: 13 7:0.35978835978836
20:56.8783068783069: 100 101 102 103 106 108 110 111 118 122 123 129 13 131 132 133 134 135 136 141 145 150 152 157 158 159 16 162 165 169 170 172 173 174 176 178 18 184 185 187 188 19 190 191 193 194 198 199 2 206 208 209 21 212 214 215 22 226 227 23 231 232 233 234 235 236 239 240 241 243 246 250 251 255 257 258 26 260 261 262 265 27 270 273 274 276 28 281 282 283 284 285 286 288 289 29 290 292 294 296 297 298 299 3 30 300 301 303 308 309 31 311 312 313 316 318 319 320 322 324 325 328 329 330 334 335 341 342 350 351 358 36 364 365 366 371 372 376 377 39 40 43 50 55 6 60 61 62 63 64 65 66 67 69 71 79 82 85 92 93 94 95 99: 13 6:0.137566137566138
20:78.5714285714286: 116 118 119 131 136 137 141 146 147 150 152 154 155 156 157 16 161 168 17 170 171 172 173 189 195 196 197 207 209 213 214 215 223 256 257 258 259 270 273 275 278 279 281 293 296 299 300 301 304 311 313 317 327 337 338 342 350 356 357 369 373 377 51 56 59 67 68 69 71 72 75 80 81 82 83 84 85 88 89 93 99: 13 5:0.571428571428571
20:75.9259259259259: 102 103 104 105 106 107 110 118 123 131 132 133 141 148 150 157 16 162 163 165 169 170 172 173 176 188 190 191 193 197 208 209 21 213 214 215 22 222 223 23 230 232 233 255 257 26 260 27 270 273 274 281 282 283 292 298 299 303 31 311 313 316 317 318 319 324 325 328 329 33 339 342 350 372 376 377 38 56 61 62 63 64 65 66 67 69 71 72 75 93 99: 13 4:0.518518518518518
20:60.8465608465608: 104 108 109 112 113 116 117 122 123 130 131 134 136 137 140 141 142 148 150 151 152 153 154 155 157 16 164 168 169 170 172 186 187 189 190 191 193 201 202 203 206 207 209 213 216 218 219 22 220 223 224 228 229 234 235 24 240 241 25 257 258 259 262 266 267 268 270 271 272 273 274 276 277 278 279 28 280 281 29 292 294 295 297 304 306 307 309 310 312 313 315 317 32 321 322 324 325 327 336 338 339 341 342 343 344 346 347 349 350 351 352 353 354 356 358 360 361 362 363 370 372 373 377 38 41 51 54 59 60 63 67 68 69 70 74 76 77 79 81 82 83 84 85 86 93 97 98 99: 13 20:0.216931216931217
20:66.1375661375661: 104 105 109 110 111 112 114 116 117 118 119 130 131 140 141 142 146 147 148 149 152 153 154 156 163 164 165 169 17 175 186 190 191 193 197 202 206 211 212 213 214 215 217 218 22 220 221 223 225 228 257 268 27 270 272 273 275 276 278 280 281 292 293 294 296 297 298 299 300 301 307 309 313 32 321 324 326 33 331 336 338 339 340 341 342 343 344 345 350 353 355 356 358 360 362 368 369 372 373 377 40 47 50 51 52 53 55 56 57 60 61 67 69 7 71 72 75 77 80 81 82 83 84 85 86 87 88 99: 13 2:0.322751322751323
20:65.3439153439153: 105 108 110 112 115 116 117 118 122 127 130 131 134 135 141 143 144 149 150 155 157 159 16 160 161 162 164 168 17 170 174 175 190 191 20 200 201 202 203 207 209 210 213 22 221 222 225 229 23 234 235 257 258 259 262 263 267 268 269 270 271 273 274 276 278 280 281 292 294 295 299 301 302 305 306 307 313 314 315 318 32 33 330 337 340 341 342 343 344 345 349 350 351 355 360 361 362 368 373 377 38 39 50 52 54 55 56 58 60 63 64 65 66 67 69 70 71 74 75 77 81 82 83 84 85 87 89 93 96 98 99: 13 19:0.306878306878307
20:61.3756613756614: 102 104 105 106 109 110 112 113 114 117 118 119 126 130 137 140 142 143 144 149 150 152 154 155 156 16 162 164 169 17 171 175 186 188 190 191 194 196 20 202 203 206 208 209 210 212 213 214 216 218 22 220 221 223 224 225 228 229 231 232 25 256 257 258 259 267 269 270 271 275 278 279 292 294 295 296 298 30 301 302 305 306 308 31 312 313 314 315 317 32 320 323 324 33 330 331 336 338 340 343 344 346 347 348 350 355 356 357 358 359 360 361 363 369 370 372 373 376 377 38 39 50 51 52 53 54 57 64 69 71 72 74 76 82 83 84 85 86 87 88 92 93 96 97 98 99: 13 18:0.227513227513228
20:58.7301587301587: 102 105 108 109 116 117 119 126 127 130 131 135 136 137 141 142 144 145 146 147 149 150 152 153 154 155 156 157 16 160 169 17 170 171 173 174 175 178 188 190 192 195 197 200 202 203 206 207 208 209 210 211 213 214 216 217 219 22 222 224 228 24 254 256 257 259 268 269 271 272 273 274 276 277 278 279 280 283 287 291 294 297 298 30 300 304 305 306 307 308 312 313 316 32 320 321 322 323 324 325 327 329 330 331 332 336 340 343 344 345 346 348 349 351 352 353 355 356 357 359 360 361 362 363 368 369 370 371 376 377 38 39 51 53 56 57 64 66 68 69 7 71 72 73 74 75 78 79 81 82 84 85 87 89 92 97: 13 17:0.174603174603175
20:61.9047619047619: 103 104 113 114 116 118 122 123 127 130 131 132 133 134 135 140 141 142 143 146 149 150 151 155 156 157 16 162 163 164 170 171 173 174 190 191 20 200 201 203 209 21 213 218 220 221 224 225 229 234 235 25 254 256 257 259 262 263 267 268 269 27 270 274 275 276 28 280 281 282 29 291 292 293 305 307 308 312 313 314 315 317 318 319 32 320 321 326 327 332 333 34 340 341 342 343 344 345 346 348 350 351 352 354 357 358 359 360 362 363 369 37 371 372 376 38 39 40 50 53 54 56 57 58 59 6 61 62 67 69 7 74 75 78 79 80 81 82 84 85 88 89 93 99: 13 16:0.238095238095238
20:62.6984126984127: 103 108 112 113 116 117 118 119 126 127 130 131 135 136 140 141 144 145 150 152 153 155 156 157 16 161 164 165 172 174 186 189 190 191 197 201 202 203 212 213 217 218 220 224 225 229 234 235 24 25 254 255 257 259 262 267 268 269 270 271 273 275 276 277 278 279 28 281 283 294 296 300 301 303 304 306 307 312 313 314 315 321 322 329 33 330 333 340 341 342 343 344 345 346 348 350 352 353 355 356 358 359 360 361 362 368 369 372 376 39 40 41 51 54 57 58 59 62 64 67 69 7 70 71 74 75 76 78 80 81 82 83 84 85 87 88 89 92 93 98 99: 13 15:0.253968253968254
20:65.8730158730159: 103 108 109 112 113 114 117 118 119 127 130 131 135 136 140 141 145 149 150 152 153 156 157 16 162 163 164 171 174 175 189 193 197 202 203 208 209 21 213 218 219 220 221 224 225 229 235 24 254 256 257 258 259 26 263 265 27 273 276 277 279 280 283 294 296 303 306 310 313 314 315 32 321 323 327 328 33 331 332 333 341 344 345 346 347 349 350 351 352 353 357 358 360 361 362 363 371 372 376 377 39 50 52 53 54 55 57 59 61 64 68 69 7 70 71 72 73 78 79 80 81 83 84 85 86 88 93 96 99: 13 14:0.317460317460317
20:52.6455026455026: 10 104 105 107 108 109 110 112 114 115 116 118 126 127 13 130 131 133 136 137 14 141 142 143 144 146 147 151 154 156 157 16 162 163 165 166 167 168 169 17 170 171 172 173 174 181 184 188 189 190 191 192 194 195 196 197 202 204 205 206 207 208 210 211 212 213 219 220 221 222 223 224 225 228 237 24 25 256 257 258 259 266 268 270 272 278 282 283 284 29 292 293 294 298 299 3 301 302 303 304 305 307 308 309 310 311 312 313 315 320 321 322 323 325 326 327 328 329 33 330 331 332 333 334 335 338 339 341 342 343 344 345 346 347 350 351 356 357 358 359 361 366 368 369 37 370 371 372 375 377 40 41 5 56 58 59 61 64 65 66 67 68 70 71 72 74 75 76 77 78 79 80 82 83 85 86 88 90 94: 12 9:0.052910052910053
20:63.7566137566138: 104 105 106 107 108 109 110 111 114 116 117 118 127 136 137 145 146 147 151 152 156 157 16 160 161 164 165 168 169 17 170 171 174 190 191 194 195 196 197 208 209 210 213 217 218 219 220 221 222 223 225 228 229 23 230 231 232 233 234 25 257 258 259 260 261 262 263 264 265 268 273 278 284 285 288 292 293 296 297 300 301 303 308 309 310 312 313 315 316 32 321 326 332 333 336 341 342 343 344 345 346 347 348 351 352 353 356 357 358 361 38 40 41 53 54 56 58 59 60 61 65 66 67 68 70 72 75 76 77 81 84 85 86 88 92 98 99: 12 8:0.275132275132275
20:62.4338624338624: 0 111 112 113 114 115 116 117 118 119 124 125 135 136 137 147 154 155 16 163 165 168 169 17 170 174 181 190 191 195 196 197 201 202 207 208 210 217 218 220 221 222 223 225 228 23 230 231 233 235 237 24 25 253 255 259 261 263 267 268 269 273 278 281 282 283 285 286 287 288 291 292 293 294 297 300 301 303 305 307 308 309 311 312 313 314 315 316 318 319 321 322 326 331 332 333 334 339 340 341 343 344 345 346 351 352 354 356 357 361 362 369 37 370 371 372 375 376 38 40 41 53 58 59 61 63 65 68 69 70 71 72 77 79 81 82 84 88 91 94 95 98: 12 7:0.248677248677249
20:55.2910052910053: 0 1 10 103 11 111 114 116 117 118 12 122 123 124 125 128 129 13 131 136 137 14 145 147 149 151 152 153 154 162 163 164 165 166 167 169 171 177 179 18 180 181 187 19 196 2 204 206 212 213 217 218 219 220 221 222 223 225 228 23 231 232 233 235 236 237 240 241 246 247 248 25 252 255 258 259 26 260 261 262 263 268 27 273 274 276 278 281 282 283 284 285 286 287 288 289 290 291 296 3 300 301 303 307 308 309 314 315 316 318 319 320 321 322 326 33 331 332 333 339 344 345 346 347 348 351 352 357 36 361 37 372 373 374 375 4 41 47 48 49 5 54 55 58 59 6 63 64 65 69 7 70 71 72 73 75 76 77 8 80 81 82 85 88 9 90 91 94 95: 12 6:0.105820105820106
20:57.9365079365079: 100 102 103 106 107 108 109 110 114 115 116 117 118 136 137 146 147 151 152 155 156 157 158 159 16 161 162 163 164 165 168 169 17 170 174 184 185 188 189 190 191 192 193 194 195 196 197 198 199 204 205 207 210 213 217 218 219 220 221 222 223 225 228 242 245 25 256 258 259 265 268 273 275 279 28 281 29 292 293 296 300 303 304 305 307 308 31 312 315 317 321 322 323 326 327 328 329 33 330 331 332 333 334 335 338 339 341 342 343 344 345 346 347 348 351 352 356 357 358 361 364 365 366 367 370 371 38 40 41 43 51 52 53 54 56 58 59 61 62 64 65 66 67 68 70 71 72 76 77 79 80 81 82 83 85 86 87 88 92: 12 5:0.158730158730159
20:70.3703703703704: 103 111 114 116 117 118 123 131 136 137 147 149 151 154 162 163 164 169 170 171 174 204 205 217 218 219 220 221 225 228 23 230 232 233 237 25 255 259 26 260 268 27 273 274 278 28 281 282 283 288 30 301 303 307 308 312 313 314 315 316 317 318 319 321 326 331 332 333 334 335 339 341 344 345 346 347 348 351 352 357 358 361 365 366 367 370 371 372 373 40 41 43 54 56 58 59 60 63 64 65 69 70 71 72 73 76 77 79 80 81 88 92: 12 4:0.407407407407408
20:50.5291005291005: 0 1 10 102 105 108 109 11 111 114 116 118 119 12 120 121 122 123 124 125 129 13 130 14 140 144 145 147 148 149 15 154 16 162 163 166 167 169 17 172 175 177 179 18 180 181 19 190 191 193 194 195 2 20 206 210 217 219 222 223 229 23 230 231 233 235 236 237 246 247 248 249 252 253 254 255 256 259 26 260 261 262 263 264 268 27 278 28 281 282 283 284 285 286 287 288 289 29 290 291 293 294 295 3 30 301 302 304 306 310 311 313 314 315 316 317 318 319 32 321 322 323 324 325 326 330 331 332 34 340 343 344 35 350 352 355 356 36 362 363 366 369 37 372 373 374 375 38 4 40 41 44 46 48 49 5 54 58 59 6 60 61 64 65 68 69 7 72 73 74 76 77 8 80 81 82 83 84 88 89 9 90 91 93 94 95 98: 12 3:0.0105820105820107
20:52.1164021164021: 100 102 104 105 106 107 108 109 112 114 115 117 118 119 130 131 132 133 136 137 140 141 142 146 147 148 149 150 151 152 153 154 156 157 158 159 16 162 163 164 17 170 171 173 174 175 176 178 182 183 184 185 186 187 188 197 198 199 202 204 205 206 209 21 211 212 218 219 22 220 221 222 223 225 226 227 242 243 244 245 25 250 251 257 259 265 27 272 273 275 276 28 280 29 293 296 30 300 301 303 304 307 308 31 312 313 315 32 321 323 324 325 328 329 33 331 332 333 334 335 336 338 340 342 343 346 347 348 351 352 353 355 356 357 360 361 362 364 365 366 367 368 369 370 371 372 39 41 50 51 52 55 56 57 58 60 61 62 63 64 65 67 68 7 70 71 72 73 76 77 79 8 80 82 83 84 85 87 92 93 97: 12 2:0.0423280423280423
20:50.7936507936508: 104 105 106 107 111 112 114 116 117 118 122 127 130 133 135 136 137 143 144 147 149 151 158 159 16 160 161 162 163 165 168 169 17 170 171 172 173 174 175 176 182 184 185 188 189 192 196 198 199 20 200 201 202 203 204 205 207 208 21 210 213 214 215 217 218 219 22 220 221 222 223 226 228 229 23 235 242 243 244 25 250 251 256 258 259 262 263 265 267 270 271 273 274 276 278 28 280 29 295 298 301 302 303 305 306 307 308 31 311 312 316 318 319 32 321 324 325 326 328 329 330 331 332 333 334 335 337 339 340 341 342 343 345 346 347 348 349 352 353 354 355 357 358 360 362 364 365 366 367 368 371 38 39 40 41 43 50 52 55 56 59 60 61 62 63 64 65 66 68 70 71 72 74 76 77 79 80 81 82 83 84 85 88 92 97 98: 12 19:0.015873015873016
20:52.1164021164021: 100 104 105 106 107 108 110 111 113 115 116 117 118 122 123 127 131 136 137 141 142 143 146 147 149 150 151 153 155 158 159 162 163 169 170 171 172 174 176 178 184 185 188 189 191 192 193 194 198 199 20 200 201 203 204 205 21 210 214 215 216 217 218 219 22 220 222 223 224 225 226 227 228 229 235 24 242 243 244 245 25 250 251 254 256 257 259 262 263 267 268 27 270 274 275 276 278 282 29 291 293 297 298 299 301 303 305 307 310 311 312 316 317 318 319 320 323 326 327 328 329 33 330 331 334 335 339 340 343 344 346 347 348 350 351 354 355 357 358 359 361 362 363 364 365 366 367 37 372 377 40 41 42 43 45 50 52 53 57 59 6 63 64 65 68 7 70 72 74 76 77 78 79 80 81 82 84 85 88 9 92: 12 16:0.0423280423280423
20:50.7936507936508: 100 102 103 105 106 107 108 109 110 111 112 113 114 115 116 117 118 119 127 131 132 133 134 135 136 137 140 143 147 149 151 152 153 156 158 159 16 162 163 168 169 170 171 173 174 175 176 178 182 183 184 185 188 189 190 191 192 193 198 199 202 203 204 205 208 209 21 210 214 215 217 218 219 22 223 224 225 226 227 228 229 235 24 242 243 245 25 250 251 254 256 257 258 259 26 268 27 270 273 276 278 279 280 281 283 292 293 297 298 299 301 305 307 308 31 310 311 312 316 321 323 324 326 327 328 329 331 332 333 334 335 339 341 342 345 346 347 348 349 351 352 353 355 358 362 363 364 365 366 367 370 372 376 377 39 40 41 42 43 52 57 58 59 62 63 65 66 67 68 69 7 70 71 72 74 75 76 77 79 81 83 84 85 88 92 96: 12 14:0.015873015873016
20:60.8465608465608: 100 104 105 106 107 108 110 111 114 116 117 132 133 134 136 137 141 147 150 151 154 157 158 159 16 162 163 164 165 169 170 171 172 173 174 176 183 184 185 188 190 191 192 193 194 198 199 204 205 208 209 213 214 215 217 218 219 220 221 222 223 225 228 25 257 259 265 268 270 278 28 281 29 292 294 298 299 301 303 305 307 308 31 311 312 313 314 315 321 325 326 328 329 33 331 332 333 334 335 339 341 342 344 345 346 347 348 350 351 352 357 358 361 364 365 366 367 370 371 373 377 40 41 43 53 54 58 59 61 62 64 65 67 69 70 72 73 75 76 77 79 80 81 86 88 92 93 99: 12 13:0.216931216931217
20:59.7883597883598: 100 101 104 105 108 109 110 111 112 113 114 115 118 119 127 129 133 134 135 136 137 139 146 156 157 16 160 164 168 169 17 172 174 175 176 178 18 180 181 182 183 184 19 190 192 195 196 197 198 199 204 208 209 210 213 220 221 222 223 224 226 227 228 23 230 231 233 24 242 243 25 250 251 252 253 256 257 258 260 261 262 263 264 265 269 281 282 284 285 288 289 292 294 296 297 30 300 308 311 314 320 321 322 324 325 326 333 336 339 34 340 341 342 343 344 345 346 349 350 354 355 357 36 360 363 37 372 375 40 41 51 56 60 62 63 65 66 68 69 71 73 76 77 81 82 83 84 85 93 95 98 99: 11 8:0.195767195767196
20:54.7619047619048: 0 1 10 103 108 11 111 113 115 119 124 125 126 127 129 133 134 136 137 139 145 151 154 163 168 17 171 172 174 175 176 177 178 18 180 181 182 183 19 192 193 195 196 197 198 199 2 20 201 202 207 208 21 210 219 220 221 222 224 228 229 23 230 233 241 242 246 247 248 249 25 252 253 254 255 256 257 260 261 262 263 265 267 269 277 282 283 284 286 287 288 289 290 291 292 30 300 303 307 308 310 314 317 318 319 32 320 321 324 326 333 34 341 342 343 344 345 346 347 348 349 35 350 354 357 358 36 360 362 363 369 37 370 371 373 374 375 4 41 44 45 46 47 48 49 5 52 54 55 61 62 63 64 65 66 68 70 71 73 76 77 79 81 83 90 91 92 93 94 95 98: 11 7:0.0952380952380951
20:58.7301587301587: 102 109 110 111 112 113 114 115 116 123 127 129 132 133 134 135 136 139 145 155 156 158 159 16 162 163 164 165 168 17 171 172 174 175 176 178 18 180 181 182 183 185 188 189 19 190 191 192 193 196 197 205 207 213 22 220 221 223 224 228 229 23 233 24 25 252 253 256 257 258 260 261 265 269 275 278 279 28 284 288 289 292 293 294 296 30 300 301 307 308 309 31 310 311 313 314 316 317 32 320 321 324 325 326 327 33 330 331 333 334 335 340 341 342 343 344 345 346 347 349 350 354 355 357 36 360 363 364 365 366 367 37 370 371 372 373 41 42 50 51 56 66 69 71 72 73 76 77 79 80 84 85 86 87 88 89: 11 5:0.174603174603175
20:61.3756613756614: 0 103 106 108 111 112 113 114 115 118 126 127 128 131 133 134 135 136 137 139 145 147 148 149 161 162 164 166 169 17 170 172 174 175 176 178 18 180 181 182 183 19 192 195 20 202 21 220 221 222 224 228 229 23 230 233 24 25 252 253 254 255 256 257 260 261 265 269 27 274 28 282 283 284 288 289 292 293 294 30 304 307 308 309 310 311 314 318 319 32 320 321 322 324 326 329 333 339 34 340 341 342 344 345 346 347 349 35 350 354 355 356 358 36 360 363 366 37 370 375 38 41 56 60 62 63 64 65 66 67 68 69 70 71 73 75 76 77 79 80 81 82 83 84 93 95: 11 4:0.227513227513228
20:51.0582010582011: 102 104 108 109 110 111 114 115 116 117 118 119 127 128 132 136 137 139 140 142 145 147 148 151 152 154 158 159 16 162 163 165 168 169 170 171 172 174 175 176 178 18 180 181 182 184 185 186 187 188 189 192 20 201 203 204 205 206 207 208 210 213 214 215 216 218 219 22 220 221 222 223 224 232 233 234 235 240 241 25 252 257 258 259 260 262 263 266 267 268 270 271 272 274 276 277 278 280 281 282 288 289 29 292 293 294 295 297 298 299 30 302 303 308 309 31 312 313 314 315 317 318 32 320 325 326 327 328 329 33 330 332 333 334 335 338 339 340 341 342 343 345 346 347 350 351 352 353 354 357 36 360 361 362 364 365 367 37 370 371 372 373 51 54 59 60 62 65 66 67 68 69 71 73 74 75 76 79 80 81 82 83 85 97 99: 11 20:0.0211640211640212
20:52.3809523809524: 100 102 104 105 109 112 113 115 116 117 119 127 129 130 131 132 134 135 136 139 140 141 142 145 146 148 149 150 153 154 155 156 157 158 159 16 162 163 164 169 17 170 171 172 174 175 176 178 18 180 181 182 184 185 186 187 188 192 195 196 197 202 204 205 206 209 211 212 217 22 220 221 222 223 224 229 232 233 237 24 25 252 256 257 260 268 269 27 272 275 276 278 28 280 281 289 29 294 296 30 300 301 307 308 309 31 310 311 314 317 320 321 324 325 33 331 333 334 335 336 338 339 340 342 343 346 349 353 354 355 357 358 36 360 362 364 365 366 367 368 369 37 370 371 373 40 41 42 50 51 52 53 55 56 57 59 60 61 63 65 66 68 69 7 71 72 73 77 79 8 80 81 83 85 86 87 88 9 93 97: 11 2:0.0476190476190477
20:51.8518518518519: 102 104 105 108 109 111 112 113 114 115 116 117 119 128 130 132 134 135 136 137 139 143 144 145 147 149 158 159 160 161 162 163 165 168 17 172 175 176 178 18 180 181 182 183 184 185 188 189 192 193 196 20 200 201 203 204 205 207 208 210 213 214 215 22 220 221 223 224 225 228 229 232 234 235 237 24 240 25 251 252 254 257 258 260 262 263 267 268 270 271 276 278 28 280 281 289 29 292 293 294 295 298 30 302 303 305 306 307 308 309 31 310 314 315 317 318 319 32 320 321 324 325 326 328 329 330 333 334 335 337 340 341 342 343 345 346 349 351 354 355 356 36 360 361 362 364 365 366 367 368 37 372 373 39 41 50 52 53 54 55 56 58 60 61 62 63 64 65 68 69 71 73 76 77 79 80 82 83 85 89 97 98: 11 19:0.0370370370370372
20:50: 101 102 104 105 106 107 109 111 112 113 114 115 117 123 126 127 129 130 132 134 136 137 139 140 141 142 145 146 147 150 152 154 155 156 157 158 159 162 163 169 17 171 172 173 176 178 18 180 181 182 184 185 186 188 189 192 193 196 202 203 204 205 206 208 210 214 215 216 22 220 222 223 224 225 228 231 232 234 237 24 245 25 250 251 252 257 258 259 260 267 269 270 271 273 275 278 279 28 281 289 29 292 293 295 296 298 299 30 301 302 303 305 306 307 309 31 310 311 312 314 315 317 32 320 321 324 326 328 329 33 330 331 333 334 335 336 338 341 343 344 345 347 348 349 354 355 357 359 36 360 364 365 366 367 369 37 370 371 373 39 41 42 43 50 51 52 53 65 66 67 68 69 7 73 74 75 77 79 80 81 82 83 85 86 87 88 96 97 98: 11 18:0
20:54.2328042328042: 103 104 105 108 109 11 110 111 112 113 115 116 127 128 131 133 134 135 136 137 139 140 141 142 143 145 149 150 151 155 158 159 170 171 172 175 176 178 18 180 181 182 183 184 185 188 189 19 191 192 193 200 201 204 205 21 214 215 218 22 220 222 224 228 229 23 232 233 234 235 237 24 241 250 251 252 254 255 256 257 260 262 263 265 267 270 273 275 276 281 282 289 29 291 292 294 298 299 30 303 305 307 309 313 314 315 317 318 319 32 320 324 326 327 328 329 33 330 331 332 334 335 34 340 342 343 344 346 349 35 350 351 352 354 356 357 36 362 364 365 366 367 37 377 38 39 41 42 43 50 53 54 57 58 59 6 63 65 66 68 69 7 71 73 74 77 78 79 80 83 85 88 9: 11 16:0.0846560846560847
20:52.3809523809524: 104 108 110 111 112 114 115 116 117 126 127 129 131 132 133 136 137 139 140 141 144 145 147 150 153 158 159 162 163 168 172 173 175 176 178 18 180 181 182 184 185 186 188 189 192 193 196 197 20 201 203 204 205 209 212 213 214 215 217 22 220 221 222 224 225 228 229 232 234 235 24 240 241 25 250 251 252 254 255 256 257 259 260 262 267 268 270 271 275 276 278 279 281 283 289 29 292 293 294 298 299 30 300 303 304 307 308 309 31 312 313 314 315 317 32 320 321 324 325 326 328 329 33 332 334 335 34 341 342 343 344 347 348 349 351 352 353 354 355 356 36 361 362 364 365 366 367 368 37 377 39 40 41 42 43 51 53 54 57 59 60 63 64 65 66 68 69 7 70 73 74 76 77 79 80 85 86 89 98 99: 11 15:0.0476190476190477
20:60.3174603174603: 102 103 105 109 110 111 112 115 117 118 129 131 132 136 137 139 140 145 147 149 156 158 159 162 168 171 172 175 176 178 18 180 181 182 184 185 188 189 192 193 203 204 205 208 209 210 214 215 218 219 22 220 222 224 225 228 232 235 250 251 252 256 257 258 26 260 265 27 270 276 279 280 283 289 292 293 294 298 299 30 307 308 309 31 314 315 317 32 320 321 323 324 325 326 327 328 329 331 332 333 334 335 340 341 345 346 347 351 352 353 354 356 357 36 361 362 364 365 366 367 37 372 376 377 39 41 42 52 53 54 57 59 63 64 65 67 69 7 71 72 73 75 76 77 79 82 83 85 88 96: 11 14:0.206349206349206
20:61.6402116402116: 102 104 105 110 111 112 113 114 115 118 119 123 127 129 132 136 137 139 141 145 147 150 157 158 159 16 162 163 164 170 172 174 175 176 178 18 180 181 182 184 185 188 189 19 190 191 192 193 202 209 213 214 215 22 220 221 222 224 228 229 23 232 233 24 25 252 256 257 260 269 270 273 28 288 289 29 292 293 298 299 30 303 307 308 309 31 313 314 316 317 32 320 321 322 324 325 326 33 333 335 340 341 344 345 346 349 350 354 356 357 358 36 360 363 364 365 366 37 371 372 376 377 40 41 60 61 65 66 67 68 70 71 72 73 75 76 77 79 80 81 82 83 84 93 99: 11 13:0.232804232804233
20:64.2857142857143: 106 107 108 112 113 114 115 116 117 118 119 123 126 127 129 133 134 135 137 139 145 146 147 151 161 169 170 171 172 173 174 175 176 178 18 180 181 182 183 19 192 195 198 199 204 21 217 218 219 22 220 222 223 224 225 229 23 232 233 237 24 242 25 252 256 257 259 260 265 268 273 278 281 289 293 294 30 301 309 310 311 312 313 314 315 316 317 32 320 322 324 332 334 339 340 342 347 348 349 351 352 354 356 357 358 36 361 363 37 372 373 38 40 53 54 58 59 62 64 66 67 68 69 70 71 72 73 76 81 82 83 84 88 92 93: 11 12:0.285714285714286
20:70.1058201058201: 103 104 105 108 109 112 114 115 118 119 122 123 126 127 128 129 131 137 141 143 144 147 154 157 164 165 168 169 17 170 171 172 173 190 194 195 196 197 202 206 207 208 210 211 212 213 214 215 217 218 224 232 24 256 258 259 26 27 272 273 278 280 281 292 294 298 299 301 302 304 308 309 310 311 312 313 316 317 320 322 326 327 328 329 330 331 341 342 343 347 348 350 352 356 357 359 368 369 371 376 377 56 61 66 68 74 75 78 80 81 83 85 92: 10 9:0.402116402116402
20:74.8677248677249: 104 105 109 110 117 127 130 145 146 147 148 154 156 157 16 160 161 162 163 168 169 17 170 184 185 190 195 197 204 205 208 209 210 213 214 215 223 229 230 231 242 258 259 261 262 263 264 265 266 270 272 278 280 281 285 296 297 300 301 302 303 307 309 310 312 319 32 33 335 336 339 341 342 343 353 356 357 370 371 372 38 56 64 66 71 74 79 81 82 88 89 96 97 98 99: 10 8:0.497354497354497
20:82.5396825396825: 112 113 114 117 118 119 130 135 151 154 164 169 17 170 171 195 201 202 207 208 210 219 24 266 267 269 270 272 278 280 300 301 303 309 311 312 317 33 340 341 343 347 348 354 356 357 358 362 368 369 371 373 38 61 64 66 67 69 72 74 76 84 85 88 92 98: 10 7:0.650793650793651
20:86.5079365079365: 110 111 117 130 131 132 133 136 145 154 157 165 17 170 174 196 206 212 213 258 266 270 272 274 276 278 280 293 296 300 309 316 320 322 325 358 368 371 40 60 66 67 68 69 74 75 79 80 85 88 92: 10 6:0.73015873015873
20:69.3121693121693: 100 102 103 106 107 108 109 115 116 117 118 119 123 130 131 136 137 147 148 154 155 156 158 159 16 161 165 168 169 17 171 188 189 190 191 193 195 197 20 207 21 210 213 222 223 23 232 241 244 245 247 256 258 259 26 266 27 270 272 275 279 280 292 296 298 300 301 302 303 304 312 316 317 318 319 327 328 329 330 338 341 342 343 356 357 364 365 366 371 372 376 377 38 39 46 51 52 56 58 63 64 65 66 68 72 74 80 81 83 84 85 87 89 90 96 97: 10 5:0.386243386243386
20:89.1534391534392: 111 114 117 130 131 157 170 196 197 223 245 266 270 272 274 278 280 293 30 301 312 325 33 339 341 366 368 371 372 56 58 66 67 68 69 72 74 75 80 82 88: 10 4:0.783068783068783
20:66.4021164021164: 102 105 108 109 114 119 136 137 140 144 145 151 155 157 16 162 164 167 17 170 171 172 174 175 190 191 194 195 196 197 206 21 210 215 218 220 221 222 223 225 228 229 25 256 266 270 272 273 274 278 28 280 287 292 293 294 295 30 301 302 304 305 306 307 308 31 310 311 313 316 317 322 323 324 325 33 330 331 333 339 340 343 345 346 347 348 350 351 355 356 357 358 361 362 363 368 369 37 370 371 372 373 38 50 60 61 62 63 64 66 67 69 70 71 73 75 79 80 82 83 84 86 88 89 92 93 98: 10 3:0.328042328042328
20:54.2328042328042: 0 104 105 106 107 112 116 117 120 121 124 125 127 133 135 143 144 148 149 151 158 159 160 161 165 168 17 170 172 173 174 175 176 178 179 180 181 19 196 199 200 201 202 203 205 207 208 21 210 213 214 215 22 222 225 226 227 229 23 232 233 234 235 237 242 243 244 245 246 247 250 251 258 259 260 263 266 267 268 269 270 271 272 274 276 278 28 280 281 282 283 290 293 295 298 3 301 302 303 305 306 307 31 311 312 314 315 32 324 328 329 33 330 337 34 340 341 342 343 344 345 348 349 351 353 354 355 360 361 362 364 365 366 368 371 372 373 374 376 38 39 44 45 46 48 5 50 52 54 55 56 58 60 61 62 66 67 68 70 74 77 80 82 83 84 85 88 89 90 91 94 95 98: 10 19:0.0846560846560847
20:75.9259259259259: 103 104 105 106 107 108 110 117 118 130 134 141 150 155 157 158 159 16 162 169 172 173 188 190 191 193 196 208 209 21 213 214 215 232 233 245 247 251 257 260 266 272 273 278 28 280 281 282 283 292 293 298 299 301 302 303 308 311 312 313 316 328 329 341 342 350 364 365 366 371 372 376 377 58 61 62 63 64 66 67 68 69 71 74 75 80 82 85 88 93 99: 10 13:0.518518518518518
20:69.3121693121693: 0 111 114 116 118 12 123 124 130 136 137 147 151 162 163 164 169 170 171 174 181 184 185 196 197 204 205 217 218 219 220 221 222 223 225 228 232 233 237 247 25 252 259 262 263 266 268 270 272 273 280 281 282 283 284 293 301 307 308 314 315 316 318 319 321 326 33 331 332 333 334 335 339 344 345 346 347 348 351 352 357 358 361 370 371 372 373 376 40 41 46 54 58 59 63 64 65 66 67 68 70 71 72 73 74 76 77 79 81 82 86 88 90 91 92 95: 10 12:0.386243386243386
20:54.2328042328042: 0 1 10 106 108 11 111 112 113 114 115 117 118 119 12 124 127 128 130 132 133 134 135 136 137 139 145 147 15 162 163 164 166 169 17 170 172 173 174 175 176 177 178 18 180 181 182 183 19 192 196 20 202 21 22 220 221 222 224 228 229 23 233 24 240 241 246 247 248 249 25 252 253 254 256 257 260 261 262 263 265 266 269 270 272 277 278 280 282 283 284 288 289 290 292 293 294 30 301 307 308 309 310 311 312 314 318 319 32 320 321 324 325 326 329 33 333 34 340 342 344 345 346 347 348 349 35 350 354 356 358 36 360 363 37 370 371 374 375 38 4 40 41 46 47 48 49 5 63 64 65 68 69 70 71 72 73 74 76 77 79 8 81 83 84 85 88 9 90 91 93 94 95: 10 11:0.0846560846560847
20:58.4656084656085: 104 105 107 108 109 114 116 126 131 136 137 141 142 143 144 145 146 147 149 150 151 153 154 155 157 16 160 168 169 17 170 171 174 187 190 191 194 195 196 198 199 200 202 203 206 211 212 213 216 217 218 219 220 223 224 225 226 227 228 229 230 231 232 233 24 242 244 250 251 256 257 258 259 266 267 268 269 270 271 272 273 274 275 276 277 278 280 281 286 287 290 291 292 293 294 295 296 300 301 304 309 312 313 320 321 322 323 324 326 327 333 336 337 34 340 341 343 344 345 347 349 35 351 356 357 358 359 363 368 369 372 53 54 57 58 59 60 61 65 66 67 68 69 73 75 76 77 81 82 83 86 87 92 93 95 96 97: 1 8:0.169312169312169
20:52.6455026455026: 100 101 112 113 116 118 119 126 131 135 136 141 142 143 144 145 147 148 149 15 150 152 153 155 156 157 16 161 163 164 168 171 174 180 181 19 190 191 192 193 194 195 196 197 198 199 200 201 203 204 205 206 207 209 210 211 216 217 218 220 224 225 228 229 230 233 234 245 247 248 253 255 256 258 259 262 264 265 266 268 269 270 272 273 274 275 276 277 278 28 280 281 29 292 293 295 296 297 300 301 304 305 307 309 313 318 319 32 320 321 322 323 326 327 330 333 334 337 339 341 343 344 345 348 349 35 351 354 356 357 359 362 363 368 369 37 370 371 372 373 374 375 44 45 46 47 48 52 53 55 56 57 58 59 60 63 64 65 66 67 68 71 73 77 79 81 82 83 84 85 87 89 90 91 92 93 94 95 99: 1 7:0.052910052910053
20:54.7619047619048: 101 110 111 115 116 126 128 129 141 142 143 144 145 147 148 149 150 151 152 153 154 156 157 159 161 162 163 166 17 170 174 18 19 192 194 195 197 198 199 200 202 203 204 205 206 208 209 210 211 216 217 218 219 220 222 223 224 225 228 229 230 232 233 24 244 245 255 256 258 259 262 263 264 265 266 267 268 269 27 270 271 272 273 275 276 277 278 28 280 281 286 287 29 290 291 292 294 295 296 297 30 300 301 307 313 318 319 32 320 321 322 323 326 327 330 333 334 335 337 339 340 341 344 345 347 349 35 351 357 358 359 363 364 365 366 367 368 369 370 371 372 38 39 42 51 53 57 58 60 61 63 64 65 66 69 71 73 76 77 79 80 81 82 83 87 89 92 93 95 98 99: 1 4:0.0952380952380951
20:61.3756613756614: 101 111 114 115 117 118 121 126 131 136 137 141 142 143 144 145 149 150 152 153 154 156 157 161 164 169 17 170 171 174 187 194 195 196 197 198 199 200 202 203 206 208 209 210 211 216 217 221 222 223 224 228 229 23 234 24 244 25 256 258 259 260 261 262 263 264 266 267 269 270 271 272 274 275 276 277 278 280 281 283 284 285 286 287 288 290 291 294 295 296 297 300 301 304 308 312 313 315 316 32 320 321 322 323 324 327 332 337 34 340 341 342 345 346 348 349 35 352 359 361 363 368 369 373 38 40 41 53 56 57 60 61 64 66 69 70 72 73 82 83 88 92 93 97 98 99: 1 12:0.227513227513228
20:52.6455026455026: 114 115 116 117 12 126 128 130 131 132 133 136 141 142 143 144 145 147 148 149 15 150 151 152 153 154 156 157 16 161 162 163 166 169 17 174 18 180 181 19 192 193 194 195 196 197 198 199 200 202 203 204 205 206 208 209 210 211 216 217 218 219 220 224 225 228 229 232 233 24 247 248 256 258 259 262 263 264 265 267 268 269 271 273 274 275 276 277 278 28 281 285 286 287 29 291 292 293 294 295 296 297 300 307 312 313 318 319 32 320 321 322 323 325 326 327 33 333 334 335 337 339 340 341 344 345 347 349 35 351 357 358 359 363 367 368 369 370 371 372 374 375 38 39 46 47 48 5 53 56 57 60 61 63 64 65 67 68 69 71 73 74 76 77 79 81 82 83 86 88 89 90 91 92 93 94 95 98 99: 1 10:0.052910052910053
