145	142	131	135	208	209	65	128	183	131	151	160	193	211	172	79	197	146	211	86	162	208	204	152	207	44	122	219	196	79	139	189	32	153	123	111	61	199	131	158	211	148	36	99	128	175	80	117	41	77	157	178	41	149	182	97	130	151	198	136	52	76	56	109	131	62	182	104	155	117	123	215	78	88	161	62	36	84	156	36	223	152	123	94	121	213	73	65	185	131	193	151	73	150	141	201	153	126	119	72	153	108	126	132	220	42	180	205	95	194	221	219	217	117	58	195	95	215	199	218	182	53	144	198	93	34	99	79
149	144	134	137	208	209	66	129	182	130	151	159	192	212	170	78	198	146	208	87	160	204	205	151	207	46	121	221	197	83	138	192	32	156	122	113	57	199	136	157	210	151	37	101	130	175	82	120	40	77	155	177	39	150	180	97	127	152	200	136	50	80	54	108	131	62	181	105	157	118	122	216	77	87	164	62	38	84	158	37	223	150	124	92	121	213	71	63	183	129	189	151	71	152	141	200	150	125	120	71	155	110	124	127	221	43	178	205	95	194	222	221	217	116	60	194	96	217	199	221	184	54	148	199	94	34	97	81
149	145	134	136	208	209	68	130	182	130	151	159	192	209	171	79	200	146	209	81	161	207	206	150	206	47	122	220	195	81	139	193	33	156	123	113	56	199	134	157	210	150	37	100	129	173	82	122	40	79	155	174	38	150	181	97	125	151	204	134	54	78	56	111	129	63	183	103	156	119	122	218	79	90	161	63	38	87	158	38	224	150	123	92	119	213	74	62	184	131	191	151	71	151	139	202	150	124	122	70	156	113	124	128	220	42	176	206	95	194	221	218	218	116	59	195	97	217	196	221	183	52	147	199	91	35	100	83
148	144	134	136	208	210	66	128	182	129	151	160	191	211	171	79	198	147	209	86	162	206	206	152	206	46	121	220	196	81	138	192	33	156	122	113	57	200	136	158	210	151	36	100	129	174	82	120	41	78	156	177	38	150	181	97	127	151	201	137	51	78	56	108	129	64	181	104	156	120	123	216	78	88	162	62	37	85	157	37	222	150	125	93	121	214	72	63	184	131	189	151	71	152	140	201	151	125	121	71	154	110	123	127	221	43	177	204	96	194	221	220	217	118	60	194	95	217	198	219	183	53	145	200	93	35	99	81
149	145	134	136	208	209	66	128	182	130	151	159	190	211	170	79	198	147	209	85	161	205	206	152	206	47	122	220	195	81	138	190	34	155	121	113	57	199	136	157	210	151	37	100	130	175	82	119	41	77	157	177	39	149	180	97	127	150	201	136	52	77	56	108	129	63	181	104	157	119	122	216	77	88	162	61	37	85	157	36	222	150	124	93	121	213	71	63	184	130	190	150	71	152	140	201	150	125	120	71	154	109	122	128	221	43	178	204	95	195	221	220	217	118	60	193	96	217	199	219	183	52	146	199	93	35	98	80
149	144	134	136	208	209	66	128	182	130	151	160	190	211	171	79	198	147	209	85	160	205	204	151	205	47	120	220	197	81	138	191	33	156	120	113	57	199	136	156	210	152	37	101	129	174	82	119	41	77	156	177	39	149	180	98	128	151	201	136	53	76	56	109	130	63	182	104	156	120	122	217	78	88	162	61	37	84	158	37	222	149	124	92	122	212	70	63	184	130	190	151	72	151	140	200	150	124	120	71	153	109	123	127	221	42	178	203	94	194	221	219	217	118	60	193	97	216	199	220	183	52	146	200	93	35	99	79
150	146	134	137	207	205	68	124	184	133	148	159	195	214	172	79	191	148	210	84	162	202	206	150	206	46	125	219	195	82	141	193	31	157	126	115	55	199	138	158	213	151	40	101	135	172	78	121	42	79	154	177	40	149	179	96	127	153	203	138	53	78	54	111	131	67	181	109	154	122	121	220	81	84	165	59	39	82	158	37	221	152	125	97	122	209	71	62	182	128	193	150	73	152	137	197	153	128	120	75	150	104	123	127	222	46	177	204	95	196	217	217	215	121	69	191	98	220	198	219	186	50	144	201	92	38	101	80
215	147	124	149	43	93	96	149	40	182	63	119	117	53	145	80	114	161	81	77	167	71	152	51	84	82	142	82	150	174	41	211	73	52	53	57	157	92	114	171	116	145	105	219	149	148	106	90	59	123	34	129	79	187	135	47	160	149	168	146	81	77	153	163	64	160	127	222	134	205	183	69	44	205	206	182	177	178	202	148	75	169	99	164	73	101	144	178	84	210	210	166	116	181	147	216	57	80	105	58	145	41	45	73	216	121	97	68	58	67	98	175	112	107	38	169	165	121	116	117	133	205	34	40	205	95	57	195
215	147	124	149	42	93	96	149	40	183	63	119	117	53	145	80	114	161	82	77	167	71	152	51	85	82	142	82	150	174	41	211	73	52	52	57	157	92	114	171	116	145	105	219	149	148	106	90	59	123	34	129	80	187	136	47	159	149	168	146	81	77	153	163	65	160	127	222	134	205	183	69	44	205	206	182	177	178	202	148	75	169	99	164	73	101	144	177	84	210	210	166	116	181	147	216	57	80	105	57	145	41	46	73	216	122	97	68	58	67	98	174	113	107	38	169	165	121	115	116	133	205	34	40	205	95	57	196
215	146	123	150	41	91	97	149	40	182	62	119	118	54	145	80	115	161	81	76	167	72	152	50	84	82	141	82	150	174	41	211	72	53	53	57	157	92	114	170	115	145	106	219	150	149	105	91	59	122	34	130	79	187	135	46	159	150	169	146	82	77	152	164	64	159	126	221	134	204	183	69	44	205	206	182	178	177	203	147	74	168	99	164	73	102	144	178	84	210	210	166	117	180	148	216	57	80	105	58	144	40	46	73	217	122	97	68	59	67	98	175	112	107	37	168	165	121	116	117	133	204	34	40	204	94	58	196
215	147	124	148	43	92	96	149	41	184	64	119	117	53	145	80	115	161	81	76	167	71	151	51	84	83	142	82	150	174	42	211	73	52	52	56	157	92	114	170	117	146	105	219	148	148	106	91	60	124	34	129	80	188	135	47	158	149	169	146	81	77	153	164	64	159	128	221	135	206	183	68	44	205	206	182	177	178	201	147	74	169	99	163	73	102	144	177	85	210	211	166	116	181	147	215	57	80	104	57	144	40	45	74	215	121	97	68	57	67	98	175	113	105	37	168	165	121	116	116	133	206	34	40	205	96	58	195
215	148	125	148	44	94	96	150	39	181	61	119	118	54	144	79	116	159	82	77	167	70	150	52	86	80	144	81	153	175	41	212	75	53	54	55	156	88	115	171	116	145	103	222	149	148	106	93	58	122	36	130	78	185	133	47	161	147	168	146	79	78	153	164	64	159	127	220	135	205	184	69	44	206	207	183	178	178	203	147	76	168	99	164	71	103	144	178	86	211	210	166	117	177	147	217	58	79	106	57	142	42	43	73	216	124	99	68	58	67	97	175	114	108	38	170	164	122	113	119	132	206	34	42	206	95	57	196
215	147	124	149	43	92	96	150	40	182	64	120	117	53	145	80	114	161	81	76	167	72	152	50	85	82	142	81	149	174	40	210	73	52	52	57	157	92	114	171	116	146	105	219	149	149	106	90	59	123	34	129	79	187	136	48	160	149	169	146	82	78	153	164	64	160	126	221	134	205	183	67	44	204	206	182	177	178	202	148	75	169	99	163	73	102	145	178	84	210	209	166	117	181	147	216	57	80	105	58	145	40	45	73	216	122	97	68	58	67	99	175	113	107	38	170	165	121	116	117	133	205	34	40	205	94	57	195
215	59	171	103	158	149	68	170	126	45	39	118	96	36	131	95	176	103	204	121	111	45	79	150	215	214	132	146	134	147	218	66	115	130	96	216	183	129	72	180	188	202	137	137	99	192	119	180	93	108	153	92	80	207	169	199	91	60	50	71	177	189	148	82	203	174	139	173	96	183	220	56	158	48	186	202	114	94	212	55	97	111	54	44	118	113	197	59	110	163	106	166	60	127	185	41	76	201	99	209	69	105	181	53	32	98	128	87	118	55	210	168	181	174	191	48	204	113	78	42	101	166	130	134	188	68	31	135
214	57	173	104	158	147	66	170	124	45	42	118	95	38	131	96	176	103	203	121	112	44	80	147	216	215	131	147	134	147	219	65	115	129	96	215	181	127	74	181	188	203	137	137	99	193	116	179	94	111	156	91	82	206	170	199	88	62	49	72	176	189	148	80	205	174	139	171	100	181	219	58	157	49	186	202	113	96	214	56	95	112	54	44	117	115	201	60	114	161	105	165	62	128	186	40	79	201	99	208	69	107	179	51	32	95	124	84	122	54	210	167	181	173	195	46	203	115	78	45	100	166	130	135	185	68	32	135
214	57	173	104	158	147	66	171	124	45	42	118	95	38	131	96	176	103	203	121	112	43	80	147	216	215	132	147	133	147	219	65	115	129	96	215	181	127	74	181	188	203	137	137	99	193	116	179	95	110	156	91	82	206	169	200	88	62	49	72	177	188	148	81	204	174	138	171	100	181	219	57	157	49	186	202	113	96	214	55	95	112	54	43	117	115	202	60	114	162	105	165	62	128	186	40	79	201	100	208	69	107	179	51	33	95	124	84	122	54	209	167	181	173	195	46	203	115	78	45	101	166	129	135	185	68	33	134
214	57	172	104	159	147	66	170	124	46	42	117	96	37	130	96	176	102	203	121	112	43	80	147	216	216	132	148	133	147	219	65	115	129	97	215	181	127	74	180	188	202	136	137	99	193	115	179	95	111	155	91	81	205	170	200	88	64	50	73	176	189	148	80	204	174	139	170	99	181	219	57	158	49	186	202	113	95	214	55	95	113	55	43	117	114	201	61	114	161	105	166	62	128	186	41	80	201	99	208	70	108	179	52	33	95	123	83	121	54	211	168	182	174	195	46	203	115	78	46	100	165	129	135	185	68	33	134
213	58	173	105	158	148	66	170	124	45	42	118	96	38	130	96	176	103	203	121	112	43	80	148	216	215	132	147	133	148	219	65	115	129	96	215	181	127	74	181	188	203	137	137	98	193	116	179	94	110	156	91	82	206	170	200	88	62	49	72	177	189	148	81	204	174	139	171	100	181	219	58	157	50	186	202	114	96	214	55	95	112	54	44	118	114	201	60	113	161	105	166	62	127	186	41	79	201	100	208	69	107	179	51	33	95	123	84	122	54	210	167	182	173	195	46	203	116	78	45	100	166	130	134	185	68	32	134
212	55	172	103	157	147	67	174	123	45	37	117	95	40	128	91	178	99	202	122	112	43	78	145	218	215	128	149	134	150	220	65	119	127	98	215	184	128	71	177	190	204	135	136	104	196	115	179	97	110	161	89	80	207	168	198	89	62	49	71	177	190	145	80	204	173	139	169	101	184	218	59	157	50	185	204	110	96	214	54	94	114	55	46	121	113	198	62	113	161	101	167	63	129	185	41	75	199	94	209	69	108	178	52	31	95	119	79	124	55	209	164	181	175	196	46	202	115	81	44	103	167	128	134	186	67	33	132
212	62	175	102	160	146	66	170	125	44	41	117	97	38	134	99	175	101	199	119	112	44	78	144	216	215	129	149	134	149	222	64	116	127	95	211	182	120	76	181	187	203	134	136	98	195	115	177	96	111	155	86	83	207	165	197	89	63	46	72	180	192	151	80	208	176	138	169	100	180	219	57	158	49	186	201	113	92	213	57	94	113	54	43	120	114	207	61	115	161	106	163	67	126	184	39	82	201	102	207	69	106	181	51	30	93	122	82	118	53	213	171	177	176	198	46	201	117	77	45	102	163	127	134	186	65	31	134
95	191	203	124	156	126	65	72	115	216	128	94	196	144	159	163	211	124	120	183	205	86	151	141	124	103	96	207	44	207	40	95	151	52	121	199	211	97	88	213	207	172	49	85	93	134	91	174	174	129	150	154	63	35	125	144	116	130	187	127	212	137	120	161	53	99	67	195	190	51	158	181	100	63	157	204	62	96	129	189	168	72	189	217	44	78	145	182	114	209	163	73	120	76	160	181	207	156	168	215	94	100	178	81	150	43	33	55	78	188	70	154	169	108	48	152	55	146	220	115	80	201	195	66	168	36	209	187
96	191	204	123	156	127	65	71	116	215	128	94	196	142	159	162	212	124	119	183	206	86	150	140	123	104	96	207	45	207	39	95	150	51	122	199	211	97	88	213	207	171	47	86	93	134	91	174	174	130	149	153	62	36	123	145	114	130	187	126	211	137	120	161	54	99	67	194	190	50	158	182	101	61	157	205	63	95	129	189	167	73	190	217	45	78	145	181	113	209	163	74	119	78	160	182	207	157	169	216	94	99	177	82	152	42	32	56	79	190	71	154	168	108	48	152	54	147	219	116	80	203	194	66	170	36	209	188
93	196	197	121	165	128	61	72	116	215	124	97	200	143	154	163	212	128	115	182	205	88	153	144	123	102	100	208	40	209	37	98	151	57	122	206	209	93	87	211	209	173	48	89	91	137	91	177	175	124	156	154	60	36	126	146	111	133	187	124	207	142	125	161	55	95	66	194	191	55	159	179	102	61	159	202	65	95	127	191	165	73	192	221	47	80	144	181	110	209	162	78	113	77	164	184	203	156	167	214	95	95	178	86	154	40	31	52	76	189	70	155	168	105	47	151	57	146	215	117	81	203	196	68	171	34	209	187
96	191	205	123	156	125	66	70	116	216	127	93	195	142	159	163	212	124	119	184	207	87	151	142	123	104	96	207	44	206	38	95	151	51	120	198	212	96	87	213	207	170	48	86	92	134	92	174	174	131	149	154	62	37	123	145	114	130	187	127	212	138	121	160	54	100	68	195	189	50	158	181	100	61	157	204	64	94	129	189	167	73	191	218	45	78	144	181	111	210	161	73	119	77	159	182	209	156	169	215	94	100	177	81	151	43	32	56	79	190	70	154	168	108	49	153	55	147	220	115	81	203	193	67	169	34	209	186
96	191	204	124	158	126	66	71	116	214	129	93	196	142	159	164	212	124	120	183	205	86	152	144	123	103	98	207	44	206	39	95	151	49	121	197	210	96	88	211	206	171	50	85	93	136	93	172	172	130	149	152	63	34	123	145	114	131	186	127	212	138	120	160	54	101	68	197	190	53	159	182	101	62	156	204	63	94	129	188	168	73	191	218	45	77	146	180	113	210	162	74	117	76	159	180	210	159	170	215	93	99	176	81	151	43	32	58	79	190	67	154	169	109	48	153	56	147	218	116	79	203	195	66	169	34	209	186
93	191	204	122	158	126	64	71	116	216	126	94	196	141	157	163	213	125	120	182	206	85	149	142	122	102	97	208	45	205	37	98	150	51	121	200	211	95	87	214	207	171	47	85	92	134	92	174	174	130	151	151	62	36	121	144	113	130	186	126	211	138	122	161	52	99	68	194	191	50	157	183	101	63	158	204	62	95	128	189	167	73	189	218	44	77	146	183	113	210	163	72	118	76	159	181	208	156	170	216	94	99	178	82	153	44	34	57	79	189	68	153	167	107	49	151	55	147	220	115	82	205	193	66	168	36	209	187
81	118	194	98	82	139	140	46	103	90	142	214	193	46	43	113	47	221	162	149	83	217	122	81	144	108	82	100	120	133	106	29	166	215	36	178	69	201	118	219	197	123	50	40	59	119	58	91	91	128	36	138	59	168	177	100	58	75	93	214	181	198	35	178	68	125	209	66	119	213	125	208	104	106	197	173	191	33	162	37	154	122	115	73	106	105	72	109	174	109	130	200	86	120	112	88	188	53	114	73	78	71	209	196	184	153	117	54	58	113	161	36	61	74	134	34	58	117	194	101	85	205	193	205	167	62	66	191
76	118	196	96	80	139	140	44	104	87	141	213	194	47	44	117	43	221	162	153	83	219	120	80	145	106	85	101	120	133	107	32	167	215	35	175	67	202	119	221	201	119	50	40	59	122	54	91	93	124	35	135	57	173	177	100	56	73	95	215	181	198	38	181	67	123	209	64	121	211	123	210	104	108	197	174	190	34	160	35	156	122	119	73	106	103	66	110	173	105	128	201	86	118	110	87	185	53	113	70	80	68	209	196	186	151	114	55	58	113	164	36	58	75	133	36	60	117	195	102	85	204	194	202	167	59	68	191
76	119	195	96	81	138	140	45	103	88	141	214	193	48	43	115	43	221	162	152	83	220	120	81	145	106	84	100	120	134	108	32	166	216	35	176	68	203	119	221	202	120	50	40	60	122	54	91	93	123	35	135	57	173	177	100	56	74	93	214	180	198	39	180	66	123	210	63	120	211	123	210	104	107	197	175	190	35	159	35	155	122	118	73	107	104	66	111	173	106	128	200	87	118	110	88	185	54	115	70	79	68	209	196	186	150	114	55	58	113	165	35	60	76	133	35	59	116	195	101	85	205	194	202	168	60	67	190
76	118	195	96	80	139	139	45	103	88	141	214	194	47	43	115	43	221	163	153	83	219	120	80	145	107	84	101	120	133	107	32	167	216	35	175	68	203	119	221	201	120	51	39	59	122	54	90	92	124	35	136	57	173	176	100	56	74	95	214	181	199	39	180	67	124	210	65	120	211	123	209	104	107	197	174	190	34	160	35	155	122	118	73	106	103	66	110	172	106	128	200	86	119	110	88	186	53	114	70	79	68	209	196	185	151	114	55	58	113	165	37	59	76	133	35	59	117	195	101	86	204	194	202	167	60	67	191
77	116	196	96	81	140	139	44	103	87	142	214	194	46	43	116	43	221	162	152	84	219	121	80	144	108	84	102	120	133	107	32	167	216	34	175	68	202	120	220	201	120	51	39	59	123	54	91	92	124	34	136	57	172	178	102	56	73	95	216	180	199	40	181	68	123	210	66	121	212	123	208	102	106	197	174	189	35	161	36	155	123	118	72	107	103	66	110	174	107	128	201	85	118	110	89	187	53	114	70	79	69	208	196	186	151	114	56	58	113	164	38	60	76	132	36	58	118	194	101	85	203	194	201	167	61	69	190
75	118	194	98	81	139	138	47	102	89	142	215	193	47	43	115	42	220	163	153	83	219	120	81	145	105	85	101	120	133	107	33	166	215	36	176	67	202	119	221	201	121	50	39	59	122	51	91	92	124	34	135	57	175	176	101	58	74	95	215	180	199	39	179	66	122	211	63	122	212	123	210	104	107	198	174	191	34	162	35	156	122	119	74	107	102	66	110	171	105	129	200	86	118	110	89	186	52	115	69	80	67	210	195	187	150	114	54	58	113	164	35	61	76	133	34	58	118	195	101	85	203	193	202	168	62	68	189
82	192	195	159	112	213	143	137	81	196	196	103	205	146	162	123	110	94	59	215	139	139	82	94	150	63	43	168	113	129	70	134	82	91	173	45	92	69	77	85	214	111	127	99	147	114	164	162	190	49	108	46	174	150	110	169	140	115	101	92	132	156	199	164	118	86	198	134	161	150	58	192	217	196	201	201	85	85	59	190	44	81	57	189	99	48	69	171	109	45	50	134	153	148	185	153	194	152	178	188	109	175	104	43	202	70	34	104	116	139	118	182	160	194	147	36	135	94	189	197	210	58	214	34	95	116	100	176
81	191	195	160	112	212	143	137	82	196	197	103	205	146	162	123	110	94	59	215	140	139	82	93	149	63	43	170	114	130	69	133	81	91	173	44	91	70	78	85	214	110	128	98	148	114	165	161	189	49	110	45	174	150	109	168	140	115	100	92	133	156	200	163	117	87	198	134	162	151	58	194	217	196	201	200	85	85	60	189	44	81	56	189	99	49	70	171	107	44	50	135	154	146	185	153	195	151	178	187	109	175	104	43	203	71	34	104	117	138	118	181	160	194	148	36	136	96	189	196	210	58	214	34	94	116	102	176
82	193	193	160	114	215	143	137	80	198	194	103	206	147	163	123	110	94	60	215	141	137	83	92	150	63	42	168	113	129	68	136	79	93	171	46	91	69	78	84	215	110	124	99	148	114	166	162	188	48	109	46	177	150	110	167	139	115	101	93	133	158	198	164	120	87	198	134	162	149	58	193	217	195	201	202	84	83	59	190	42	81	58	190	99	49	69	173	107	45	51	135	153	146	186	152	192	152	177	188	109	175	106	45	202	70	35	105	117	139	120	182	162	196	147	35	134	95	189	196	211	60	216	32	93	116	101	177
82	192	195	160	112	213	143	138	81	196	197	102	204	146	163	123	109	94	59	215	139	139	82	94	150	63	43	168	113	130	70	134	81	91	173	45	92	69	78	86	213	112	127	99	148	114	164	161	190	49	108	45	175	151	110	169	140	115	100	91	131	156	199	164	118	86	197	134	161	151	58	192	217	197	201	200	85	85	60	190	45	81	58	189	98	48	70	170	108	44	50	133	153	148	185	153	193	152	178	188	110	175	104	44	202	71	35	104	117	140	117	182	160	194	147	36	136	94	188	197	210	58	214	35	94	115	100	176
82	192	195	159	112	214	144	137	81	196	197	102	205	146	162	123	110	94	59	215	139	139	82	94	150	63	44	168	113	129	69	134	82	92	173	46	92	69	77	85	213	112	127	99	147	114	165	162	190	48	108	45	174	150	110	168	140	115	101	92	132	156	199	164	118	86	198	134	161	150	58	192	217	196	201	201	85	85	60	190	43	81	58	188	99	48	69	171	109	45	50	134	153	148	185	153	194	152	178	188	109	175	105	43	202	71	35	104	116	139	118	182	160	194	147	36	135	95	189	197	210	58	214	34	95	116	100	176
82	192	194	159	112	213	143	137	81	196	196	102	205	146	162	123	110	94	59	215	139	139	82	93	150	63	43	169	114	129	70	134	81	91	172	45	91	70	77	85	214	111	127	99	147	114	165	161	189	49	108	46	174	150	110	168	140	115	101	92	132	156	199	164	117	87	198	134	161	150	58	193	218	196	200	201	85	85	60	190	43	81	58	189	99	48	70	171	109	45	50	134	153	147	185	153	194	152	179	187	109	175	104	43	202	70	35	104	116	139	118	182	159	194	148	36	135	94	189	197	210	58	214	34	95	116	100	176
81	192	195	159	112	213	143	137	81	197	197	102	205	146	162	123	110	94	59	215	139	139	82	93	150	63	43	168	113	129	70	134	82	91	172	45	91	69	77	85	214	111	127	99	148	114	164	162	190	48	108	45	174	150	110	168	140	115	101	92	132	156	199	164	118	87	198	134	161	150	58	192	218	196	201	201	85	85	59	190	44	81	58	189	99	48	70	171	109	45	50	134	154	147	185	153	194	152	178	188	109	175	104	43	202	70	34	104	116	139	118	182	160	194	147	36	135	95	189	198	210	58	214	34	95	116	100	176
112	219	47	167	104	138	60	71	74	89	124	66	140	53	79	58	125	37	61	157	150	66	66	184	140	178	100	204	181	155	198	146	135	108	162	57	134	55	187	194	161	195	38	215	126	168	207	93	197	159	114	100	81	98	198	193	98	198	94	47	202	72	187	146	219	140	151	139	157	131	190	175	151	47	60	178	219	99	71	162	148	54	80	176	162	183	170	67	192	50	204	83	124	170	198	91	180	66	205	79	175	66	210	77	112	181	155	69	50	119	161	150	162	133	96	141	128	127	70	187	215	212	192	194	36	74	97	87
113	219	47	168	105	138	60	72	73	89	124	64	141	52	80	58	126	37	61	156	150	66	66	185	139	177	100	205	180	156	199	146	135	108	162	56	133	54	187	194	161	194	38	215	127	167	208	92	196	158	113	100	81	98	200	192	97	197	95	47	203	73	188	146	219	140	151	139	157	132	191	175	151	48	60	179	219	99	72	162	148	55	80	177	161	183	170	66	192	52	203	83	123	170	199	91	180	66	206	78	175	66	209	77	113	180	155	70	51	119	161	150	160	133	95	141	129	126	70	187	216	212	190	193	37	75	96	87
112	220	47	167	105	138	60	72	73	89	124	65	141	52	79	58	125	37	61	157	150	66	66	184	140	178	100	205	180	156	199	145	136	108	162	55	133	55	187	193	161	194	38	215	127	168	208	93	197	158	114	100	81	98	199	192	97	197	95	46	202	72	188	145	219	140	151	138	157	132	190	175	152	47	60	179	219	99	71	162	148	54	79	177	162	182	170	66	192	51	203	84	123	170	199	90	180	66	206	78	174	66	210	77	112	180	155	70	50	119	160	150	161	133	95	141	129	126	71	187	215	212	191	193	36	75	96	87
115	217	45	166	108	140	65	73	73	89	126	66	137	51	81	59	124	37	63	158	151	63	64	186	140	179	99	204	179	157	200	144	135	111	160	53	133	58	187	196	163	192	39	213	127	166	208	96	195	158	112	105	79	95	197	191	97	201	93	48	205	73	185	148	222	140	154	139	153	130	194	175	150	47	64	178	219	104	71	162	152	55	78	180	165	183	171	64	192	52	203	87	124	175	195	87	177	62	204	77	171	65	208	72	110	183	157	71	50	119	159	153	161	137	95	140	127	126	67	187	216	212	196	191	39	75	98	89
112	220	47	167	104	138	61	72	72	89	124	65	140	53	78	58	125	37	61	158	150	66	66	185	140	178	99	206	181	156	199	145	136	108	161	55	133	55	187	194	161	194	38	214	127	168	207	93	197	158	113	100	80	98	199	192	96	197	95	47	202	72	189	145	219	140	151	138	157	132	191	175	152	47	60	179	219	99	71	162	148	55	79	177	161	183	170	66	192	51	204	84	123	170	199	91	180	66	206	78	174	65	210	77	112	180	156	70	50	119	160	150	161	133	94	141	129	125	70	187	215	212	191	193	36	75	96	87
113	220	48	168	102	138	61	72	71	91	123	64	140	52	82	59	127	35	60	157	150	66	64	184	138	179	98	206	180	155	199	146	134	109	161	57	134	54	187	193	162	193	38	213	127	168	207	92	198	161	113	98	80	95	199	194	96	196	94	47	203	70	186	144	221	141	151	139	156	131	189	175	152	47	60	178	220	99	72	162	149	53	79	177	162	182	171	65	192	51	204	85	122	168	198	90	179	65	206	78	174	63	210	77	110	181	156	70	51	121	160	152	162	132	95	139	129	127	72	190	215	210	190	194	37	73	96	86
128	163	114	186	110	172	99	88	63	175	63	88	178	217	69	62	127	170	142	196	118	57	123	40	154	174	148	96	189	123	195	204	146	49	163	172	168	176	140	113	222	137	98	102	160	189	51	151	169	109	72	176	114	44	117	113	214	80	169	206	129	79	153	75	207	185	165	64	159	196	141	190	126	69	62	186	159	202	200	65	124	205	112	169	116	70	221	32	102	103	139	45	45	159	72	67	203	110	128	218	201	73	209	37	34	209	62	53	211	51	214	179	167	204	172	40	165	74	122	150	214	116	130	58	116	186	51	202
125	164	117	186	108	169	95	88	65	176	63	91	178	219	74	55	127	169	141	195	119	56	121	42	159	172	146	94	192	122	196	201	142	49	166	171	170	170	143	108	226	133	95	102	156	190	50	150	169	108	68	177	114	48	115	112	214	85	172	212	125	80	156	72	205	188	168	70	160	194	144	188	126	66	59	187	163	204	204	65	122	208	107	166	117	69	217	31	105	103	134	44	43	154	73	68	205	110	129	215	198	72	207	32	33	211	63	55	209	52	213	182	168	206	170	40	165	73	120	146	214	118	130	57	116	183	55	204
130	160	114	187	111	174	100	86	65	173	61	89	175	216	69	62	127	168	141	196	118	56	125	38	153	172	148	96	187	121	196	205	144	48	162	173	169	177	137	115	221	136	98	104	163	187	49	151	168	109	70	177	116	43	115	114	214	79	170	208	130	79	155	74	206	189	164	63	160	196	139	187	124	69	64	188	159	203	200	61	122	207	110	170	116	71	220	30	100	105	139	45	44	158	72	64	206	106	129	218	199	72	208	37	34	210	64	52	211	51	214	178	163	202	174	38	165	70	120	152	215	116	127	56	116	186	52	203
128	163	114	186	110	172	99	88	62	176	63	88	178	217	69	62	127	170	143	196	118	57	124	40	154	174	148	96	189	124	195	204	146	49	163	172	168	175	141	113	222	136	99	102	161	189	51	151	169	109	72	176	114	45	117	113	214	80	169	206	129	79	153	75	207	186	165	64	159	196	141	190	126	69	63	186	159	202	200	65	124	206	112	170	116	70	221	32	102	103	139	44	45	159	72	67	203	110	128	218	201	73	209	37	34	209	63	53	211	51	214	179	167	204	171	39	164	75	121	149	214	116	130	58	115	186	51	202
130	164	113	185	110	172	100	87	62	174	64	90	177	217	70	63	127	171	142	196	117	58	123	40	155	174	148	97	190	123	194	205	146	47	162	171	170	176	140	113	223	137	98	102	161	189	51	150	169	109	72	177	114	45	117	113	212	80	169	205	128	79	153	75	208	186	165	64	159	197	142	189	127	69	62	187	159	202	200	64	124	206	111	170	115	70	221	31	102	102	138	45	44	160	71	67	202	110	128	217	200	74	210	38	34	208	62	53	210	52	215	179	167	204	171	40	164	75	121	149	215	116	130	58	115	185	51	202
128	163	115	186	109	172	98	88	61	176	64	87	179	217	69	62	126	169	144	196	116	58	123	40	154	177	148	95	188	123	195	204	146	48	163	171	171	176	140	113	223	135	99	101	160	189	52	152	169	109	73	176	115	45	118	115	213	81	169	205	129	79	153	76	207	186	166	65	159	195	142	190	126	70	64	186	159	202	201	67	123	207	111	169	115	70	221	33	102	105	140	46	44	159	74	67	203	110	128	217	199	74	208	38	34	209	63	53	209	51	213	179	166	205	171	41	165	75	122	150	216	114	130	59	116	185	50	202
126	164	115	184	110	172	100	86	64	177	63	89	177	220	70	64	127	171	143	195	118	59	125	40	155	174	148	99	188	124	196	204	144	50	163	172	171	175	141	113	222	134	97	102	161	190	53	153	167	112	72	177	116	47	117	112	213	79	168	206	128	79	157	76	207	186	166	63	158	193	139	189	123	68	61	185	162	203	200	64	124	205	112	171	116	70	221	33	101	103	138	45	43	157	73	66	203	113	130	218	201	73	206	37	33	207	61	52	210	49	213	180	165	201	169	41	163	76	122	151	213	116	131	57	114	185	51	200
119	220	148	128	68	159	162	178	87	127	171	50	111	185	101	34	209	46	172	89	79	52	154	170	111	189	181	151	187	155	73	196	147	75	124	202	62	195	207	173	122	214	93	89	40	145	190	181	112	97	92	91	207	115	63	188	148	144	146	123	117	213	144	87	195	132	182	101	171	68	173	162	91	159	188	55	163	197	106	69	98	64	104	191	199	52	79	68	104	90	65	89	138	80	98	99	62	153	165	140	107	142	195	150	84	136	142	91	214	169	157	77	50	98	124	209	153	149	41	168	156	176	185	178	88	143	168	125
118	220	148	127	67	160	160	178	86	127	172	50	111	187	101	33	207	46	171	88	79	52	153	170	111	189	182	151	187	155	73	196	147	76	124	203	62	196	207	173	121	215	93	88	39	145	190	181	113	97	91	93	207	115	64	188	148	143	145	124	117	211	144	86	195	132	182	101	172	68	173	162	90	159	187	55	162	197	107	69	97	63	105	191	199	53	78	68	105	92	66	88	137	80	95	99	62	153	164	140	106	142	193	150	85	136	143	92	214	170	157	78	50	98	125	210	152	149	42	168	156	176	185	178	88	142	168	127
118	219	147	127	67	160	161	178	87	126	171	50	109	185	101	34	209	46	172	90	79	51	154	169	111	189	181	152	187	156	73	196	147	74	123	204	62	196	207	174	123	215	94	89	40	144	189	181	112	97	93	90	207	114	63	187	148	144	145	123	117	212	144	88	194	132	181	103	172	68	174	162	90	158	188	53	164	196	107	68	98	64	104	190	200	52	80	68	105	91	65	88	137	82	98	98	63	153	165	139	106	143	195	149	83	134	141	92	214	169	158	78	50	98	126	210	153	149	41	167	156	176	185	177	89	143	168	125
121	220	148	127	68	159	161	177	86	126	171	50	111	185	102	34	209	45	173	90	80	53	152	170	111	190	181	152	186	155	72	196	148	74	124	203	63	194	205	173	123	215	93	89	39	145	189	181	114	97	92	93	207	116	63	187	146	144	146	123	118	213	145	90	196	132	182	100	171	67	174	162	90	157	188	56	164	198	106	69	99	64	105	192	200	52	80	69	104	90	65	89	136	81	98	100	61	153	163	141	108	143	195	150	85	135	142	91	215	168	156	77	50	96	126	210	153	147	41	168	157	176	185	178	88	142	166	125
117	221	144	122	72	157	159	175	90	123	168	56	111	185	107	33	209	47	171	88	79	51	152	164	116	193	184	151	191	155	73	194	150	76	124	206	61	193	203	174	119	213	88	93	40	147	188	180	109	99	95	92	204	116	65	187	145	143	140	122	114	218	144	90	193	130	186	100	173	67	171	165	86	152	189	50	163	195	109	72	101	59	105	195	202	55	79	71	108	88	63	84	143	81	95	97	62	157	167	144	107	142	196	150	85	133	141	90	214	174	160	75	50	94	131	205	151	151	39	171	159	177	184	180	85	142	169	123
120	220	147	128	69	160	160	178	86	127	171	50	112	185	101	33	209	46	173	90	80	53	153	170	111	188	181	150	188	155	73	197	147	75	124	203	62	194	207	173	122	215	93	90	40	145	189	181	113	96	92	92	207	115	63	188	149	143	145	124	117	212	144	88	196	131	181	101	172	67	172	162	91	158	187	54	163	197	107	70	98	62	105	192	199	51	80	67	105	91	66	88	138	79	97	100	61	153	165	140	107	142	194	149	84	136	141	92	214	169	157	76	51	98	125	210	152	149	42	168	157	177	184	178	89	143	168	125
195	209	129	167	130	174	160	157	203	53	43	193	182	174	62	77	98	174	209	51	173	194	104	172	142	122	156	47	174	69	192	35	163	129	61	221	136	157	102	67	46	89	117	102	210	212	34	60	128	177	37	123	189	153	45	65	123	90	36	80	55	83	209	145	42	91	131	161	175	205	198	189	88	171	214	159	137	48	49	202	62	65	133	98	127	62	165	221	51	134	37	123	218	123	143	113	95	72	160	188	91	198	111	199	54	71	80	206	79	41	169	194	62	206	45	181	125	117	138	96	218	112	172	138	106	122	180	190
195	208	128	168	129	174	158	157	201	55	43	192	183	171	64	78	96	173	211	50	171	194	106	172	143	124	156	47	172	70	194	35	161	127	61	225	137	157	102	67	48	92	117	104	206	215	33	58	129	175	38	123	188	154	47	64	121	91	35	82	53	81	209	143	40	92	133	160	177	204	197	188	86	171	215	158	140	49	48	201	64	68	135	100	126	62	166	219	51	133	38	123	221	122	142	115	94	75	160	189	88	197	110	200	53	75	81	206	81	45	166	195	63	208	45	182	130	118	134	96	219	113	169	138	106	120	181	191
195	208	130	167	131	174	161	156	204	53	43	193	184	174	63	77	98	175	211	50	173	193	104	173	142	123	155	47	173	70	193	35	162	128	61	221	135	156	102	67	46	89	118	102	211	212	34	60	128	177	37	122	189	154	45	65	123	89	37	79	55	83	209	145	41	92	131	162	175	205	198	190	88	171	215	159	138	48	48	201	62	67	133	98	127	62	166	222	50	133	38	123	218	123	144	113	95	72	160	187	90	198	111	199	55	70	80	206	80	40	168	194	61	207	45	181	124	116	138	96	218	112	173	139	106	122	179	190
198	206	129	171	132	171	161	155	203	52	43	194	181	174	64	80	99	174	206	45	175	199	101	173	139	118	162	48	173	71	192	35	161	127	62	224	138	157	102	70	45	89	117	104	209	212	36	63	129	175	35	121	189	157	45	64	125	89	35	83	53	82	212	141	43	94	126	160	172	205	200	189	85	169	213	158	134	48	48	201	63	64	133	97	121	62	163	220	52	135	39	114	222	121	142	113	92	73	160	191	89	196	109	201	55	72	81	206	80	40	169	195	60	205	44	181	123	118	133	95	220	114	174	138	104	124	177	186
196	208	129	167	130	173	161	157	204	53	43	193	183	173	63	76	98	174	210	51	173	194	104	173	142	123	156	46	174	69	192	35	162	128	60	221	136	157	101	67	46	89	118	102	209	211	33	59	128	178	36	124	190	154	44	65	123	89	36	81	54	84	209	144	43	91	132	161	175	205	199	190	88	171	214	159	138	49	49	203	62	66	133	98	127	62	165	222	51	135	36	123	218	124	142	113	93	72	160	187	91	197	111	199	54	71	79	206	79	41	168	194	62	207	45	181	125	117	138	97	217	112	172	138	106	123	179	190
198	211	128	167	131	173	159	158	202	51	42	193	184	174	62	77	98	174	210	52	174	197	103	173	142	124	154	47	174	70	192	35	164	127	62	221	137	155	99	67	46	89	118	104	208	211	33	61	126	179	37	123	189	153	42	64	122	87	36	81	53	84	209	144	39	91	133	163	175	204	197	190	90	172	216	158	138	49	50	201	60	66	133	98	127	62	167	220	52	134	35	121	216	123	144	111	94	68	162	184	91	199	110	199	55	71	76	206	80	41	168	195	63	208	45	179	123	115	136	95	222	114	171	138	108	122	180	192
101	136	51	94	125	189	181	149	165	77	40	79	105	116	191	174	77	89	52	64	153	90	150	99	118	87	116	183	152	42	184	172	205	168	162	92	39	213	48	70	88	177	84	199	169	152	188	92	182	35	34	221	77	45	137	193	112	103	81	45	187	102	53	74	187	58	58	173	144	151	68	92	82	194	40	141	156	88	112	207	131	109	52	116	41	48	209	133	199	76	134	162	77	186	141	54	140	116	71	79	116	160	170	156	41	78	72	206	108	135	213	72	143	158	160	82	77	57	138	152	105	87	107	47	133	71	169	187
101	136	52	94	126	189	181	148	165	78	39	80	105	116	191	173	76	89	51	63	153	90	149	98	118	87	116	183	152	42	184	172	205	167	162	92	40	213	48	70	88	178	84	199	169	152	187	91	181	34	34	220	76	46	136	193	111	103	82	45	186	103	53	74	187	58	58	173	144	151	68	93	81	195	40	142	155	88	112	207	131	109	52	115	42	49	209	133	199	77	135	162	77	187	142	54	139	117	71	80	117	160	170	156	41	78	72	206	108	135	214	72	143	158	161	83	77	58	138	152	105	87	107	47	133	71	169	186
100	135	52	94	126	189	180	147	166	78	40	80	104	116	191	173	76	90	51	63	152	91	149	99	118	87	116	182	152	41	185	172	205	167	163	92	38	213	48	70	88	177	84	198	168	152	186	92	181	35	35	219	77	46	137	193	111	102	82	45	186	103	53	73	187	57	57	172	144	150	67	93	80	196	40	143	155	87	111	207	131	109	52	115	42	49	209	132	197	76	135	162	77	186	142	54	139	116	70	81	116	160	171	156	42	78	72	206	109	135	213	72	143	158	161	83	77	58	137	152	105	87	107	47	134	70	169	187
100	134	50	95	129	192	181	142	167	77	40	74	101	116	188	171	77	88	54	64	155	87	145	101	116	84	118	183	154	42	185	178	204	168	162	92	37	212	51	71	85	177	80	203	170	159	187	90	177	37	31	223	80	42	134	194	115	107	81	49	191	103	56	79	185	55	60	175	142	148	65	90	79	196	36	137	149	91	117	205	126	107	50	117	41	53	212	132	197	76	132	160	76	180	146	58	138	116	73	78	117	164	170	157	44	76	74	211	113	134	212	77	145	160	159	82	78	60	134	155	110	87	106	42	130	73	172	188
101	136	54	96	126	188	181	149	163	74	40	80	104	115	191	174	75	91	50	62	152	91	149	99	118	87	114	184	151	44	185	172	205	166	162	92	41	213	49	68	88	177	83	200	168	153	187	92	181	35	35	220	76	45	136	194	110	103	81	46	185	103	52	75	187	58	58	173	144	152	69	92	82	193	40	142	155	87	113	207	130	110	53	116	41	47	209	135	199	77	134	159	77	187	140	52	139	115	70	80	117	160	170	156	40	78	73	208	106	136	212	71	142	160	161	84	79	58	137	152	105	88	107	47	137	71	170	187
101	135	51	94	127	187	180	148	165	77	40	80	104	117	190	174	77	90	51	63	153	90	148	97	117	87	117	183	152	41	186	173	205	167	163	91	40	214	47	70	88	177	83	198	169	152	187	92	181	34	34	219	76	46	135	192	112	102	82	45	186	102	54	74	187	57	58	174	145	152	68	94	80	196	40	142	155	89	112	207	131	108	51	116	42	48	211	132	199	76	134	162	78	188	142	54	138	117	72	81	116	160	170	156	41	78	71	206	108	134	214	72	142	159	160	83	77	57	138	153	105	86	106	47	134	72	170	187
101	138	49	93	127	191	181	147	163	77	39	78	105	115	195	174	75	89	52	64	153	90	150	98	117	87	116	182	148	43	184	174	206	168	163	90	40	213	49	70	89	177	86	200	168	152	185	93	181	33	32	220	76	45	135	191	113	103	84	44	186	103	54	72	188	59	57	171	145	151	68	94	81	194	39	143	154	89	111	206	130	110	50	117	42	48	212	133	199	77	134	159	76	189	143	55	139	116	72	80	116	162	170	157	41	77	72	207	105	135	214	71	142	158	161	81	78	57	138	151	104	86	109	47	134	69	167	185
101	141	88	50	41	100	204	81	107	151	70	118	105	77	195	40	159	33	184	147	184	67	115	95	121	145	175	54	144	55	96	150	134	47	109	221	185	168	67	200	186	91	201	41	113	217	160	116	192	123	200	199	134	124	160	116	84	75	211	195	60	147	66	106	39	184	109	143	42	114	123	118	177	101	187	52	98	180	88	215	101	215	111	151	75	107	218	50	76	200	75	89	106	162	72	33	156	192	110	129	123	164	190	42	199	110	116	222	65	87	113	63	146	126	146	34	189	178	218	212	46	143	62	206	115	190	210	192
100	143	90	51	35	101	203	75	106	153	71	120	103	80	199	35	159	27	183	144	185	70	114	96	117	144	182	56	145	56	100	149	136	43	111	220	182	168	62	194	185	94	201	42	110	220	159	116	191	121	195	195	135	119	163	121	82	82	209	193	61	150	61	107	38	186	106	143	40	119	122	119	176	100	181	57	96	180	87	215	99	215	106	147	77	104	215	49	77	193	79	85	107	165	78	27	151	194	112	131	120	164	184	40	202	103	114	224	66	88	117	62	143	129	146	34	182	173	221	206	46	138	57	208	110	193	209	192
99	143	87	54	38	98	207	88	105	151	66	120	102	77	200	42	156	36	179	144	184	68	110	94	123	146	175	53	143	56	97	155	136	44	111	222	181	168	65	196	186	88	198	43	114	222	163	112	193	122	194	203	137	128	162	117	81	72	211	192	59	142	61	106	45	185	115	138	40	113	119	119	177	101	189	50	94	176	89	214	98	211	117	152	71	104	215	46	74	199	80	90	103	161	72	33	158	195	108	133	126	159	189	43	194	107	112	220	64	90	106	61	145	128	146	35	192	178	214	213	51	140	65	207	115	189	213	196
103	141	88	52	41	99	203	80	109	152	72	121	105	76	196	41	159	33	185	144	184	64	112	96	123	143	177	54	141	56	93	149	136	46	110	219	184	168	65	198	186	91	200	44	114	219	159	118	191	122	199	199	133	125	160	117	82	76	211	197	59	143	63	109	41	185	107	147	42	112	125	120	179	99	190	47	99	177	88	215	100	216	111	149	75	102	217	48	76	200	78	90	107	159	71	33	155	192	110	128	120	164	191	43	200	108	112	219	64	88	113	65	143	128	148	33	187	180	218	211	47	144	60	205	115	192	210	192
101	141	86	50	40	101	205	81	107	152	71	119	103	75	195	39	160	33	183	146	185	65	115	95	119	144	175	53	143	57	99	150	134	46	108	220	185	168	63	199	185	91	200	43	114	217	159	117	189	120	199	202	133	125	160	119	85	77	210	196	59	145	65	107	42	185	106	144	42	114	124	118	177	97	186	51	96	178	87	217	100	215	112	152	74	108	216	48	75	201	76	88	104	162	72	33	156	191	108	130	122	162	189	43	199	111	113	222	62	87	114	68	142	126	146	35	186	177	217	212	45	141	65	205	114	192	213	191
99	140	88	50	40	97	204	81	107	150	71	121	103	77	194	40	159	33	185	147	186	66	114	95	121	142	175	53	140	56	97	152	134	47	112	220	184	167	65	198	184	90	200	42	116	218	159	117	189	121	199	200	135	126	160	117	81	75	210	196	59	145	63	106	41	186	108	142	41	115	126	121	178	101	188	51	99	179	87	214	99	217	111	151	76	107	218	50	76	199	75	87	107	160	72	33	156	194	109	129	123	164	190	41	198	109	113	222	64	86	113	65	144	126	147	35	188	178	219	212	45	142	65	208	113	192	213	193
138	118	164	192	103	68	204	218	34	91	53	38	36	163	126	214	114	170	167	212	160	92	174	204	217	192	106	169	162	190	73	173	154	172	147	124	48	158	186	208	91	106	181	179	72	197	124	154	49	160	206	152	178	107	65	45	72	85	190	51	71	60	44	178	182	52	68	34	149	177	109	192	169	63	33	35	55	80	41	191	155	168	101	180	161	81	100	217	102	218	177	57	112	60	176	206	116	57	63	86	56	132	108	184	104	217	186	180	150	162	186	123	84	144	96	200	94	46	84	86	63	119	132	88	138	173	36	182
138	116	164	191	102	69	205	219	33	91	53	38	37	164	126	213	115	171	167	210	158	92	174	203	216	192	106	169	161	191	72	175	154	172	148	123	48	159	184	207	91	106	182	180	72	196	124	155	51	159	206	153	179	106	63	45	73	84	189	49	73	61	44	178	182	52	67	35	149	176	109	192	169	62	33	34	55	78	39	191	154	167	102	180	161	81	100	217	102	218	176	56	113	60	175	205	116	57	62	85	56	132	109	185	106	218	186	180	151	160	185	122	85	145	95	199	94	45	85	85	63	120	133	89	138	173	37	182
137	117	164	191	104	68	204	218	33	90	53	38	36	163	126	214	114	171	167	211	159	92	174	204	216	192	106	169	162	191	74	173	154	172	147	124	48	158	186	208	91	107	181	180	72	198	124	154	49	160	206	152	179	107	65	45	72	84	190	52	72	60	45	178	182	51	68	35	150	178	110	192	170	63	33	35	55	80	41	191	155	168	101	180	160	80	100	218	102	218	177	57	112	60	177	205	116	57	63	86	56	132	109	184	104	217	187	180	150	161	186	123	83	144	96	199	94	47	83	87	63	119	132	87	138	172	36	182
139	117	161	191	103	68	203	215	33	93	52	36	37	160	122	216	113	168	167	212	161	91	176	204	216	192	104	167	161	190	74	170	154	172	145	127	48	160	185	208	94	106	183	180	73	194	123	155	51	159	211	149	177	101	66	43	71	84	193	50	72	59	42	179	184	55	68	34	146	175	107	194	166	62	32	37	55	79	41	193	153	166	101	183	160	78	100	219	102	215	175	57	110	58	175	207	118	57	61	87	60	131	109	183	107	216	189	183	150	161	185	128	87	146	95	198	93	47	82	90	61	121	134	92	137	173	34	184
140	119	165	194	103	68	206	219	33	91	54	35	34	161	125	212	115	172	167	213	161	91	173	204	216	191	107	170	167	192	73	173	154	173	148	124	48	158	186	208	88	108	181	181	74	195	124	156	47	163	207	151	181	107	66	47	74	86	190	54	71	62	46	179	181	51	70	34	150	176	112	193	169	63	32	35	53	79	40	191	153	168	105	182	160	79	101	215	103	216	176	58	113	58	177	206	114	60	63	86	56	129	109	184	105	216	185	181	148	159	186	120	85	147	97	201	94	46	87	83	64	118	133	91	141	172	38	180
139	118	163	192	102	69	203	217	34	91	53	37	35	163	125	215	115	171	167	211	160	92	174	203	217	192	105	169	160	190	73	173	154	171	147	124	48	159	186	208	92	107	180	179	72	197	124	154	49	159	207	151	178	106	65	45	73	85	190	53	72	58	44	178	182	51	68	35	149	176	110	192	169	63	34	35	54	80	40	191	155	168	102	180	161	81	100	216	103	219	177	57	112	61	176	206	116	57	63	86	56	132	108	185	104	216	187	181	150	162	186	122	84	145	95	200	93	47	84	87	63	119	131	88	139	173	35	183
139	118	163	192	103	67	204	216	34	89	53	38	35	163	124	214	114	169	167	215	161	93	175	205	216	193	104	169	161	190	74	175	154	172	147	125	47	158	187	209	91	107	182	180	72	195	122	153	47	159	204	153	176	107	68	46	71	84	191	49	71	58	46	177	182	52	68	33	147	178	111	193	169	62	34	34	54	80	39	192	155	168	101	180	159	82	101	219	105	219	176	58	112	60	177	205	115	57	63	86	55	133	109	185	106	216	186	180	149	160	184	124	84	144	95	197	95	48	82	85	64	120	132	88	139	174	37	182
37	157	57	144	48	124	61	106	62	116	220	197	168	148	162	122	148	123	208	145	47	96	197	105	149	209	105	52	73	158	41	49	173	178	157	36	123	130	145	200	153	176	182	112	150	164	154	47	185	77	59	194	67	123	107	46	199	179	184	35	107	92	102	44	171	153	106	188	161	38	214	220	133	157	64	156	182	87	144	168	190	179	152	175	97	138	156	61	51	92	45	135	104	34	134	202	49	144	170	201	125	97	141	102	78	191	39	106	92	179	73	85	139	211	206	70	206	198	164	58	120	62	77	65	37	96	42	65
35	154	59	141	48	123	60	104	63	116	221	196	168	149	163	119	148	125	207	146	46	95	198	103	146	209	107	51	76	155	43	49	171	178	156	38	123	130	144	199	154	176	180	107	150	163	158	46	185	78	60	194	68	124	107	45	198	177	185	34	105	93	99	45	171	153	103	188	161	40	215	219	135	157	63	156	183	89	144	167	190	177	153	175	96	138	157	61	52	93	46	135	101	34	131	202	49	145	171	201	126	97	142	104	79	191	40	107	93	177	71	88	136	211	206	69	207	197	164	58	119	63	75	65	37	97	40	63
35	156	59	140	49	121	63	104	59	118	222	190	170	151	159	117	148	123	208	148	47	89	199	101	149	208	109	51	78	153	44	49	173	177	155	40	123	131	144	201	152	175	179	102	148	164	155	47	188	78	58	194	70	122	106	44	198	177	185	32	104	89	104	43	164	148	102	189	163	41	215	215	134	157	61	157	186	87	148	166	190	177	152	172	96	134	155	62	53	95	47	133	95	32	131	203	47	144	172	202	129	96	138	106	78	189	38	107	93	177	73	86	137	208	202	67	207	194	162	56	120	66	78	65	35	98	35	63
36	153	56	142	48	122	59	101	64	117	222	196	169	149	165	120	147	123	208	146	46	95	199	101	147	210	108	50	75	155	43	50	170	177	156	37	123	130	144	196	154	176	179	107	149	163	156	47	187	77	60	195	67	124	105	45	196	177	186	35	104	93	99	45	170	152	105	189	163	39	214	219	134	157	63	156	183	90	145	168	191	177	154	172	97	135	157	60	52	93	45	135	100	32	131	201	49	144	171	201	126	96	142	105	78	191	39	106	94	177	71	87	137	212	204	71	208	198	162	55	119	64	76	64	36	97	42	62
34	152	58	140	46	122	57	104	62	115	221	195	168	150	163	119	148	126	208	145	47	95	198	103	145	210	107	49	77	155	43	51	173	176	155	37	124	132	144	199	155	176	181	107	150	164	155	45	185	77	60	194	68	126	106	44	199	176	184	34	102	95	98	45	169	152	103	186	161	39	218	221	135	156	61	156	183	88	143	167	190	176	154	177	95	138	157	61	53	93	46	134	100	35	130	203	48	144	172	202	125	97	143	104	79	192	38	108	93	178	71	87	137	212	204	68	206	196	163	59	121	63	76	67	36	96	40	63
36	154	59	143	50	125	58	104	66	116	223	196	167	149	162	119	146	127	207	150	43	97	197	103	148	209	107	51	76	155	42	52	172	177	158	38	124	132	148	198	156	176	179	107	149	162	159	47	184	78	61	194	67	125	108	44	195	179	184	32	102	94	99	46	170	150	100	188	158	41	214	219	137	155	62	154	183	88	139	166	190	177	152	176	95	137	157	58	49	91	46	135	101	33	132	203	51	145	174	203	126	98	141	103	77	189	40	107	92	176	71	88	138	211	204	67	205	198	163	59	120	65	76	64	36	96	42	64
69	142	174	168	221	75	176	55	99	107	140	179	108	51	84	92	101	135	214	121	198	179	59	69	87	37	104	47	178	53	105	214	203	87	136	50	160	136	126	113	65	119	89	124	51	76	120	167	51	193	124	91	177	186	124	145	179	205	194	118	181	139	120	151	211	221	141	127	198	149	132	34	156	81	217	189	157	186	177	40	110	92	58	153	115	136	78	137	155	191	176	88	118	195	125	190	165	126	76	63	218	79	208	119	113	155	81	142	202	171	199	141	73	146	146	215	80	170	166	54	95	134	134	109	149	77	151	64
69	142	174	168	221	75	176	55	99	107	140	179	108	52	84	92	101	135	214	121	198	179	59	69	87	37	104	47	178	53	105	214	203	87	136	50	160	136	126	113	65	119	89	124	51	76	120	167	51	193	124	91	177	186	124	145	179	205	194	118	181	139	120	151	211	221	141	127	198	149	132	34	156	81	217	189	157	186	177	40	110	92	58	153	115	136	78	137	155	191	176	88	118	195	125	190	165	126	76	63	218	79	208	119	113	155	81	142	202	171	199	141	73	146	146	215	80	170	166	54	95	134	134	109	149	77	151	64
68	142	178	173	220	73	175	56	93	105	142	177	112	52	83	89	98	136	209	120	200	181	60	71	86	41	105	49	177	55	100	218	202	87	136	53	162	133	126	111	66	116	88	122	49	79	122	168	52	193	122	91	178	185	123	145	175	204	196	119	177	137	119	147	209	218	142	128	195	147	135	31	159	84	218	184	159	191	176	38	109	90	60	151	111	136	81	138	157	188	179	94	114	195	126	189	163	129	73	64	219	79	209	120	114	159	81	143	200	172	198	138	74	140	147	216	83	171	168	52	94	137	131	109	147	75	151	67
69	142	174	168	221	75	176	55	99	107	140	179	108	52	84	92	101	135	214	121	198	179	59	69	87	37	104	47	178	52	105	214	203	87	136	50	160	136	126	113	65	119	89	124	51	76	120	167	51	193	124	91	177	186	124	145	179	205	193	118	181	139	120	151	211	221	141	127	198	149	132	34	156	81	217	189	157	186	177	40	110	92	58	153	115	136	78	137	155	191	176	88	118	195	125	190	165	126	76	63	217	79	208	119	113	155	81	142	202	171	199	141	73	146	146	215	80	170	166	54	95	134	134	109	149	77	151	64
69	142	174	168	221	75	176	55	99	107	140	179	108	52	84	92	101	135	214	121	198	179	59	69	87	37	104	47	178	53	105	214	203	87	136	50	160	136	126	113	65	119	89	124	51	76	120	167	51	193	124	91	177	186	124	145	179	205	194	118	181	139	120	151	211	221	141	127	198	149	132	34	156	81	217	189	157	186	177	40	110	92	58	153	115	136	78	137	155	191	176	88	118	195	125	190	165	126	76	63	218	79	208	119	113	155	81	142	202	171	199	141	73	146	146	215	80	170	166	54	95	134	134	109	149	77	151	64
69	142	174	167	221	75	176	55	99	107	140	179	108	52	84	92	101	135	214	121	198	179	59	69	87	37	104	47	178	53	104	214	203	87	136	50	160	136	126	113	65	119	90	124	51	76	120	167	51	193	124	91	177	186	124	145	179	205	194	118	181	139	120	151	211	221	141	127	198	149	132	33	156	81	217	189	157	186	177	40	110	92	58	153	115	136	78	137	155	191	176	88	118	195	125	190	165	126	76	63	217	79	208	119	113	155	81	141	202	170	199	141	73	146	146	215	80	170	166	54	95	134	134	109	149	77	151	64
173	51	148	84	189	197	122	73	197	177	164	52	56	199	34	114	165	129	216	219	105	65	197	208	156	60	78	155	64	142	132	213	147	101	89	154	126	69	149	95	187	214	153	72	37	132	111	209	141	186	123	192	157	206	132	144	50	196	66	201	159	155	147	113	180	151	209	180	189	175	92	124	107	65	138	62	209	195	66	79	164	203	123	151	111	40	43	54	134	61	114	161	191	196	169	45	164	38	115	122	101	91	131	65	115	34	190	107	154	211	198	120	98	102	122	86	189	78	194	185	70	135	83	119	149	53	98	164
175	51	146	84	190	197	120	74	197	179	161	52	56	201	33	112	168	129	213	215	109	65	202	211	154	61	77	152	65	143	131	217	148	105	92	155	131	68	146	94	184	211	154	68	41	129	109	206	142	186	122	196	155	203	135	143	51	198	66	200	159	160	148	111	183	148	208	177	188	175	91	126	106	68	137	64	210	198	69	78	163	203	122	154	107	39	45	54	130	59	113	161	193	197	165	49	165	38	113	125	102	96	132	62	115	36	190	103	153	213	199	116	95	100	121	86	188	77	194	184	71	135	79	119	151	53	99	163
177	54	148	87	191	203	121	74	200	173	163	52	57	201	35	114	168	130	210	216	107	66	202	207	155	58	78	156	69	147	135	209	154	109	91	152	128	74	146	94	186	209	153	65	33	131	110	202	140	189	128	194	156	209	138	142	54	195	67	200	158	155	147	116	184	150	205	175	184	175	93	123	104	68	133	63	213	200	64	77	165	201	119	154	111	44	42	53	138	59	118	155	194	199	167	42	163	37	118	122	103	93	133	62	111	38	188	109	155	214	201	119	94	104	121	88	193	78	196	190	70	132	79	122	150	55	100	161
173	52	145	84	191	196	122	72	198	176	162	53	54	199	37	113	166	128	212	220	108	65	198	212	157	58	79	154	66	146	135	213	148	104	92	154	128	71	147	94	188	209	153	71	37	133	109	209	144	187	119	196	156	203	134	143	55	199	66	201	158	162	149	113	181	149	208	180	187	176	90	127	105	66	135	63	213	197	66	81	164	202	120	154	107	44	42	54	132	61	114	162	195	200	169	43	165	39	116	123	105	94	133	62	113	38	191	104	154	213	197	117	96	99	125	88	188	78	195	188	70	133	80	118	147	57	95	162
172	50	145	86	191	197	120	74	198	182	161	50	54	198	39	116	165	128	214	214	109	64	195	211	156	60	78	154	64	146	135	217	147	105	93	156	129	72	143	94	188	213	153	74	39	133	109	206	143	188	120	197	159	201	137	141	51	199	66	202	160	158	149	114	182	150	210	180	188	174	88	126	102	67	138	60	212	197	66	78	167	201	125	153	107	43	43	55	133	61	113	163	191	198	168	47	163	37	120	124	102	92	132	64	118	37	189	105	153	209	196	116	97	101	122	85	190	81	194	183	66	133	83	118	148	56	96	160
175	53	147	86	189	197	121	74	197	177	161	54	57	199	33	114	167	128	212	219	107	64	198	209	156	59	75	155	64	145	133	215	147	103	91	153	127	71	146	94	187	213	153	69	39	133	109	211	143	187	122	194	157	204	135	142	50	199	66	201	160	159	144	114	184	151	210	180	188	174	92	126	106	65	136	63	213	196	67	79	165	199	122	153	108	39	45	54	133	61	116	161	193	199	169	44	167	36	113	124	104	94	132	62	115	37	190	105	154	212	199	117	93	100	120	84	190	76	195	186	70	136	81	118	150	55	96	162
172	54	147	91	194	198	122	73	197	178	161	53	55	197	35	110	165	129	213	216	106	64	197	213	156	61	77	152	63	148	131	212	145	103	87	152	122	70	150	98	181	216	153	68	39	133	109	209	144	187	121	195	156	204	138	144	52	202	68	203	161	160	149	110	181	151	205	177	190	177	92	127	106	66	137	68	214	199	67	81	162	199	120	153	111	41	46	54	133	57	112	160	192	197	166	44	168	39	114	120	106	94	127	60	113	36	189	109	155	211	200	114	94	100	119	90	186	79	190	185	68	132	83	120	148	56	98	160
