DELTA:SYM:ENV:DETAILDIFFERENCE:ELEMENTS:NormalizeSYM:NormalizeENV
20:50:100:-1: 104 147 160 27 31 43 45 49 70 71 98:1:1
20:50:100:-1: 104 147 160 27 43 45 49 70 71 98:1:1
20:50:100:-1: 104 147 160 43 49 70 71 98:1:1
20:50:100:-1: 108 110 111 112 114 115 156 99:1:1
20:50:100:-1: 108 110 111 112 114 115 99:1:1
20:50:100:-1: 109 47:1:1
20:50:100:-1: 112 156:1:1
20:50:100:-1: 147 160 27 31 37 43 45 49 70:1:1
20:50:100:-1: 147 160 27 31 43 45 49 70 71 98:1:1
20:50:100:-1: 31 37:1:1
20:40:98.5074626865672: 136: 102 113:0.6:0.970149253731343
20:40:74.6268656716418: 110 111 112 114 115 118 147 152 156 160 29 37 45 49 70 74 99: 102 155:0.6:0.492537313432836
20:40:62.6865671641791: 104 110 111 112 114 115 118 147 152 156 160 18 27 31 37 43 45 49 52 70 71 74 77 98 99: 102 42:0.6:0.253731343283582
20:40:98.5074626865672: 88: 102 96:0.6:0.970149253731343
20:40:97.0149253731343: 105 68: 103 108:0.6:0.940298507462687
20:40:100:-1: 103 108 110 111 114 115 118 152 73 86 99:0.6:1
20:40:100:-1: 103 108 111 114 115 118 138 152 73 86 9 99:0.6:1
20:40:97.0149253731343: 105 68: 103 108 114:0.6:0.940298507462687
20:40:95.5223880597015: 105 113 68: 103 110:0.6:0.91044776119403
20:40:95.5223880597015: 105 113 68: 103 110 115:0.6:0.91044776119403
20:40:95.5223880597015: 102 105 68: 103 111:0.6:0.91044776119403
20:40:95.5223880597015: 102 113 44: 103 112:0.6:0.91044776119403
20:40:97.0149253731343: 105 68: 103 114:0.6:0.940298507462687
20:40:95.5223880597015: 105 113 68: 103 115:0.6:0.91044776119403
20:40:98.5074626865672: 68: 103 118:0.6:0.970149253731343
20:40:98.5074626865672: 68: 103 118 138:0.6:0.970149253731343
20:40:100:-1: 103 138 152 73 86 9:0.6:1
20:40:100:-1: 103 138 152 73 9:0.6:1
20:40:95.5223880597015: 102 113 68: 103 156:0.6:0.91044776119403
20:40:74.6268656716418: 102 109 113 141 144 148 155 38 44 46 47 48 77 8 81 88 96: 103 18:0.6:0.492537313432836
20:40:74.6268656716418: 102 109 113 144 148 155 42 44 46 47 48 51 66 8 81 88 96: 103 27:0.6:0.492537313432836
20:40:80.5970149253731: 102 109 113 148 155 44 46 47 48 51 66 88 96: 103 31:0.6:0.611940298507463
20:40:82.089552238806: 102 109 113 148 155 44 46 47 48 51 88 96: 103 37:0.6:0.641791044776119
20:40:76.1194029850746: 102 113 141 144 148 155 38 42 46 48 51 77 78 8 81 88: 103 52:0.6:0.522388059701492
20:40:79.1044776119403: 102 109 113 148 155 42 44 46 48 51 66 88 96 98: 103 70:0.6:0.582089552238806
20:40:76.1194029850746: 102 104 109 113 148 155 42 44 46 47 48 51 66 88 96 98: 103 71:0.6:0.522388059701492
20:40:79.1044776119403: 102 113 144 148 155 42 44 46 48 51 78 8 88 96: 103 74:0.6:0.582089552238806
20:40:97.0149253731343: 113 68: 103 99:0.6:0.940298507462687
20:40:83.5820895522388: 102 109 113 148 155 42 44 46 47 48 88: 104 108:0.6:0.671641791044776
20:40:83.5820895522388: 102 109 113 148 155 42 44 46 47 48 88: 104 108 110:0.6:0.671641791044776
20:40:83.5820895522388: 102 109 113 148 155 42 44 46 47 48 88: 104 110:0.6:0.671641791044776
20:40:82.089552238806: 102 109 113 148 155 42 44 46 47 48 68 88: 104 111:0.6:0.641791044776119
20:40:82.089552238806: 102 109 113 148 155 42 44 46 47 48 68 88: 104 111 115 99:0.6:0.641791044776119
20:40:89.5522388059701: 109 155 42 46 47 48 88: 104 112:0.6:0.791044776119403
20:40:80.5970149253731: 102 109 113 148 155 4 42 44 46 47 48 68 88: 104 114:0.6:0.611940298507463
20:40:82.089552238806: 102 109 113 148 155 42 44 46 47 48 68 88: 104 115:0.6:0.641791044776119
20:40:80.5970149253731: 102 109 113 148 155 42 44 46 47 48 68 81 88: 104 118:0.6:0.611940298507463
20:40:80.5970149253731: 102 109 113 148 155 42 44 46 47 48 68 81 88: 104 118 98:0.6:0.611940298507463
20:40:100:-1: 104 147 160 27 37 43 45 49 52 70 71 74 98:0.6:1
20:40:97.0149253731343: 38 44: 104 147 160 49 52 98:0.6:0.940298507462687
20:40:98.5074626865672: 38: 104 147 18 31 37 43 70 71:0.6:0.970149253731343
20:40:88.0597014925373: 109 148 155 42 46 47 48 88: 104 156:0.6:0.761194029850746
20:40:88.0597014925373: 109 148 155 42 46 47 48 88: 104 156 98:0.6:0.761194029850746
20:40:98.5074626865672: 38: 104 18:0.6:0.970149253731343
20:40:100:-1: 104 18 27 37 52 74:0.6:1
20:40:100:-1: 104 18 37 45 52 74:0.6:1
20:40:100:-1: 104 27 31 37 45:0.6:1
20:40:100:-1: 104 31 71 74 98:0.6:1
20:40:97.0149253731343: 38 44: 104 52:0.6:0.940298507462687
20:40:98.5074626865672: 78: 104 74:0.6:0.970149253731343
20:40:98.5074626865672: 78: 104 74 98:0.6:0.970149253731343
20:40:79.1044776119403: 102 109 113 148 155 41 42 44 46 47 48 72 88 96: 104 86:0.6:0.582089552238806
20:40:82.089552238806: 102 109 113 148 155 42 44 46 47 48 68 88: 104 99:0.6:0.641791044776119
20:40:76.1194029850746: 103 108 110 111 112 114 115 118 152 156 4 67 73 77 86 99: 105 109:0.6:0.522388059701492
20:40:94.0298507462687: 108 110 67 86: 105 39:0.6:0.880597014925373
20:40:73.134328358209: 108 110 111 114 115 118 147 152 156 16 160 18 4 67 77 78 86 99: 105 46:0.6:0.462686567164179
20:40:67.1641791044776: 108 110 111 114 115 118 138 147 16 160 18 27 4 45 64 67 71 84 86 88 98 99: 105 48:0.6:0.343283582089552
20:40:98.5074626865672: 114: 105 64:0.6:0.970149253731343
20:40:83.5820895522388: 104 147 160 27 31 37 43 45 49 71 98: 105 95:0.6:0.671641791044776
20:40:100:-1: 107 136:0.6:1
20:40:97.0149253731343: 105 44: 107 18:0.6:0.940298507462687
20:40:94.0298507462687: 102 109 46 47: 107 52:0.6:0.880597014925373
20:40:97.0149253731343: 102 41: 107 74:0.6:0.940298507462687
20:40:100:-1: 108 110 111 112 114 115 118 152 156 73 86 99:0.6:1
20:40:100:-1: 108 110 111 114 115 118 156 99:0.6:1
20:40:79.1044776119403: 102 141 144 148 155 38 42 46 48 68 77 78 8 88: 108 110 74:0.6:0.582089552238806
20:40:79.1044776119403: 102 105 109 113 148 155 4 44 46 48 68 77 8 88: 108 111 114 115 31:0.6:0.582089552238806
20:40:71.6417910447761: 102 105 109 113 141 144 148 155 4 42 44 46 47 48 68 77 78 8 88: 108 115 147 99:0.6:0.432835820895522
20:40:74.6268656716418: 102 105 109 113 144 148 155 4 42 44 46 47 48 68 77 8 88: 108 115 49:0.6:0.492537313432836
20:40:83.5820895522388: 102 109 113 148 155 44 46 48 68 8 88: 108 115 70:0.6:0.671641791044776
20:40:100:-1: 108 118 152 156 73 86:0.6:1
20:40:74.6268656716418: 102 105 109 113 144 148 155 38 4 44 46 47 48 68 8 81 88: 108 118 27:0.6:0.492537313432836
20:40:89.5522388059701: 104 4 43 49 68 71 98: 108 138:0.6:0.791044776119403
20:40:71.6417910447761: 102 105 109 113 141 144 148 155 4 42 44 46 47 48 68 77 78 8 88: 108 147:0.6:0.432835820895522
20:40:76.1194029850746: 102 105 109 113 144 148 4 42 44 46 47 48 68 77 8 88: 108 160:0.6:0.522388059701492
20:40:74.6268656716418: 102 105 109 113 144 148 155 38 4 44 46 47 48 68 8 81 88: 108 27:0.6:0.492537313432836
20:40:79.1044776119403: 102 105 109 113 148 155 4 44 46 48 68 77 8 88: 108 31:0.6:0.582089552238806
20:40:80.5970149253731: 102 105 109 113 144 148 155 4 44 68 77 8 88: 108 37:0.6:0.611940298507463
20:40:77.6119402985075: 102 109 113 148 155 4 42 44 46 47 48 68 8 81 88: 108 43:0.6:0.552238805970149
20:40:71.6417910447761: 102 105 109 113 141 144 148 155 38 4 44 46 48 68 77 78 8 81 88: 108 45:0.6:0.432835820895522
20:40:71.6417910447761: 102 105 109 113 141 144 148 155 38 4 44 46 48 68 77 78 8 81 88: 108 45 99:0.6:0.432835820895522
20:40:74.6268656716418: 102 105 109 113 144 148 155 4 42 44 46 47 48 68 77 8 88: 108 49:0.6:0.492537313432836
20:40:83.5820895522388: 102 109 113 148 155 44 46 48 68 8 88: 108 70:0.6:0.671641791044776
20:40:77.6119402985075: 102 105 109 113 144 148 155 42 44 46 47 48 68 8 88: 108 71:0.6:0.552238805970149
20:40:79.1044776119403: 102 141 144 148 155 38 42 46 48 68 77 78 8 88: 108 74:0.6:0.582089552238806
20:40:91.044776119403: 105 113 4 68 71 95: 108 9:0.6:0.82089552238806
20:40:80.5970149253731: 102 105 109 113 148 155 42 44 46 47 48 8 88: 108 98:0.6:0.611940298507463
20:40:98.5074626865672: 136: 109 155:0.6:0.970149253731343
20:40:94.0298507462687: 111 16 4 73: 109 39:0.6:0.880597014925373
20:40:100:-1: 109 46:0.6:1
20:40:100:-1: 109 46 47:0.6:1
20:40:95.5223880597015: 29 52 74: 109 48:0.6:0.91044776119403
20:40:91.044776119403: 103 108 118 4 77 9: 109 64:0.6:0.82089552238806
20:40:98.5074626865672: 113: 110 112 156 73:0.6:0.970149253731343
20:40:100:-1: 110 118 156 86:0.6:1
20:40:91.044776119403: 104 43 49 68 70 98: 110 138:0.6:0.82089552238806
20:40:76.1194029850746: 102 105 109 113 141 144 148 42 44 46 47 48 68 77 78 88: 110 147:0.6:0.522388059701492
20:40:98.5074626865672: 113: 110 152:0.6:0.970149253731343
20:40:98.5074626865672: 113: 110 152 73:0.6:0.970149253731343
20:40:79.1044776119403: 102 105 109 113 144 148 42 44 46 47 48 68 77 88: 110 160:0.6:0.582089552238806
20:40:79.1044776119403: 105 109 144 148 155 38 44 46 47 48 68 8 81 88: 110 27:0.6:0.582089552238806
20:40:82.089552238806: 102 105 109 148 155 44 46 47 68 77 8 88: 110 31:0.6:0.641791044776119
20:40:86.5671641791045: 102 105 109 144 148 44 47 68 88: 110 37:0.6:0.73134328358209
20:40:77.6119402985075: 102 105 109 113 148 155 42 44 46 47 48 68 8 81 88: 110 43:0.6:0.552238805970149
20:40:77.6119402985075: 102 105 109 113 141 144 148 38 44 46 48 68 78 81 88: 110 45:0.6:0.552238805970149
20:40:79.1044776119403: 102 105 109 113 144 148 155 42 44 46 47 48 68 88: 110 49:0.6:0.582089552238806
20:40:80.5970149253731: 111 141 144 148 155 38 48 68 77 78 8 81 88: 110 52:0.6:0.611940298507463
20:40:88.0597014925373: 102 148 155 44 46 48 68 88: 110 70:0.6:0.761194029850746
20:40:79.1044776119403: 102 105 109 144 148 155 38 42 44 46 47 48 68 88: 110 71:0.6:0.582089552238806
20:40:79.1044776119403: 102 141 144 148 155 38 42 46 48 68 77 78 8 88: 110 74:0.6:0.582089552238806
20:40:94.0298507462687: 105 113 68 95: 110 9:0.6:0.880597014925373
20:40:82.089552238806: 102 105 109 113 148 155 42 44 46 47 48 88: 110 98:0.6:0.641791044776119
20:40:79.1044776119403: 102 105 109 113 144 148 4 44 46 48 68 77 8 88: 111 114 160:0.6:0.582089552238806
20:40:91.044776119403: 102 105 113 4 68 95: 111 114 9:0.6:0.82089552238806
20:40:77.6119402985075: 105 109 113 144 148 155 38 4 44 46 48 68 8 81 88: 111 115 27:0.6:0.552238805970149
20:40:100:-1: 111 118 152 156 73 86:0.6:1
20:40:76.1194029850746: 102 105 109 113 141 144 148 4 44 46 48 68 77 78 8 88: 111 147:0.6:0.522388059701492
20:40:79.1044776119403: 102 105 109 113 144 148 4 44 46 48 68 77 8 88: 111 160:0.6:0.582089552238806
20:40:77.6119402985075: 105 109 113 144 148 155 38 4 44 46 48 68 8 81 88: 111 27:0.6:0.552238805970149
20:40:79.1044776119403: 102 105 109 113 148 155 4 44 46 48 68 77 8 88: 111 31:0.6:0.582089552238806
20:40:88.0597014925373: 105 113 144 148 38 4 44 68: 111 37:0.6:0.761194029850746
20:40:79.1044776119403: 102 109 113 148 155 38 4 44 46 48 68 8 81 88: 111 43:0.6:0.582089552238806
20:40:79.1044776119403: 105 113 141 144 148 38 4 44 46 48 68 78 8 81: 111 45:0.6:0.582089552238806
20:40:77.6119402985075: 102 105 109 113 144 148 155 4 42 44 46 48 68 8 88: 111 49:0.6:0.552238805970149
20:40:86.5671641791045: 113 148 155 44 46 48 68 8 88: 111 70:0.6:0.73134328358209
20:40:79.1044776119403: 105 109 113 144 148 155 38 4 44 46 48 68 8 88: 111 71:0.6:0.582089552238806
20:40:82.089552238806: 141 144 148 38 4 46 48 68 77 78 8 88: 111 74:0.6:0.641791044776119
20:40:91.044776119403: 102 105 113 4 68 95: 111 9:0.6:0.82089552238806
20:40:77.6119402985075: 102 105 109 113 148 155 4 42 44 46 47 48 68 81 88: 111 98:0.6:0.552238805970149
20:40:100:-1: 112 118 70:0.6:1
20:40:88.0597014925373: 104 113 43 49 68 70 71 98: 112 138:0.6:0.761194029850746
20:40:86.5671641791045: 109 141 144 46 48 77 78 8 88: 112 147:0.6:0.73134328358209
20:40:95.5223880597015: 113 44 66: 112 152:0.6:0.91044776119403
20:40:89.5522388059701: 109 144 46 48 77 8 88: 112 160:0.6:0.791044776119403
20:40:91.044776119403: 144 148 38 68 8 88: 112 27:0.6:0.82089552238806
20:40:94.0298507462687: 68 77 8 88: 112 31:0.6:0.880597014925373
20:40:97.0149253731343: 144 68: 112 37:0.6:0.940298507462687
20:40:100:-1: 112 37 70 74:0.6:1
20:40:92.5373134328358: 148 48 68 8 88: 112 43:0.6:0.850746268656716
20:40:88.0597014925373: 141 144 38 48 68 78 8 81: 112 45:0.6:0.761194029850746
20:40:91.044776119403: 109 144 148 48 8 88: 112 49:0.6:0.82089552238806
20:40:86.5671641791045: 141 144 148 38 48 68 77 78 8: 112 52:0.6:0.73134328358209
20:40:86.5671641791045: 141 144 148 38 48 68 77 78 8: 112 52 74:0.6:0.73134328358209
20:40:91.044776119403: 144 46 48 68 8 88: 112 71:0.6:0.82089552238806
20:40:98.5074626865672: 113: 112 73:0.6:0.970149253731343
20:40:86.5671641791045: 141 144 148 38 48 68 77 78 8: 112 74:0.6:0.73134328358209
20:40:97.0149253731343: 113 44: 112 86:0.6:0.940298507462687
20:40:91.044776119403: 102 105 113 68 71 95: 112 9:0.6:0.82089552238806
20:40:91.044776119403: 109 155 42 46 48 88: 112 98:0.6:0.82089552238806
20:40:59.7014925373134: 104 107 108 110 111 112 114 115 118 136 138 147 156 16 160 27 31 37 43 45 49 70 71 74 86 98 99: 113 155:0.6:0.194029850746269
20:40:95.5223880597015: 107 136 77: 113 44:0.6:0.91044776119403
20:40:79.1044776119403: 108 110 112 114 115 118 156 160 27 31 37 49 70 99: 113 48:0.6:0.582089552238806
20:40:100:-1: 114 118 152 156 73 86:0.6:1
20:40:76.1194029850746: 102 105 109 113 144 148 4 44 46 47 48 68 77 78 8 88: 114 147:0.6:0.522388059701492
20:40:79.1044776119403: 102 105 109 113 144 148 4 44 46 48 68 77 8 88: 114 160:0.6:0.582089552238806
20:40:76.1194029850746: 105 109 113 148 155 38 4 44 46 47 48 68 77 8 81 88: 114 27:0.6:0.522388059701492
20:40:79.1044776119403: 102 105 109 113 148 155 4 44 46 48 68 77 8 88: 114 31:0.6:0.582089552238806
20:40:85.0746268656716: 105 113 148 38 4 44 46 68 77 78: 114 37:0.6:0.701492537313433
20:40:77.6119402985075: 102 105 109 113 148 155 38 4 44 46 48 68 8 81 88: 114 43:0.6:0.552238805970149
20:40:80.5970149253731: 105 113 148 38 4 44 46 48 68 77 78 8 81: 114 45:0.6:0.611940298507463
20:40:77.6119402985075: 102 105 109 113 148 155 4 44 46 47 48 68 77 8 88: 114 49:0.6:0.552238805970149
20:40:83.5820895522388: 102 113 148 155 4 44 46 48 68 8 88: 114 70:0.6:0.671641791044776
20:40:79.1044776119403: 105 109 113 148 155 38 4 44 46 47 48 68 8 88: 114 71:0.6:0.582089552238806
20:40:82.089552238806: 144 148 155 38 4 46 48 68 77 78 8 88: 114 74:0.6:0.641791044776119
20:40:91.044776119403: 102 105 113 4 68 95: 114 9:0.6:0.82089552238806
20:40:77.6119402985075: 102 105 109 113 148 155 4 42 44 46 47 48 68 8 88: 114 98:0.6:0.552238805970149
20:40:100:-1: 115 118 152 156 73 86:0.6:1
20:40:89.5522388059701: 104 43 49 68 70 71 98: 115 138:0.6:0.791044776119403
20:40:71.6417910447761: 102 105 109 113 141 144 148 155 4 42 44 46 47 48 68 77 78 8 88: 115 147:0.6:0.432835820895522
20:40:77.6119402985075: 102 105 109 113 144 148 4 42 44 46 48 68 77 8 88: 115 160:0.6:0.552238805970149
20:40:77.6119402985075: 105 109 113 144 148 155 38 4 44 46 48 68 8 81 88: 115 27:0.6:0.552238805970149
20:40:79.1044776119403: 102 105 109 113 148 155 4 44 46 48 68 77 8 88: 115 31:0.6:0.582089552238806
20:40:80.5970149253731: 105 109 113 141 144 148 38 4 44 68 77 78 8: 115 37:0.6:0.611940298507463
20:40:80.5970149253731: 102 109 113 148 155 42 44 46 48 68 8 81 88: 115 43:0.6:0.611940298507463
20:40:76.1194029850746: 105 109 113 141 144 148 155 38 4 44 46 48 68 78 8 81: 115 45:0.6:0.522388059701492
20:40:74.6268656716418: 102 105 109 113 144 148 155 4 42 44 46 47 48 68 77 8 88: 115 49:0.6:0.492537313432836
20:40:83.5820895522388: 102 109 113 148 155 44 46 48 68 8 88: 115 70:0.6:0.671641791044776
20:40:77.6119402985075: 105 109 113 144 148 155 38 42 44 46 48 68 78 8 88: 115 71:0.6:0.552238805970149
20:40:82.089552238806: 141 144 148 155 38 46 48 68 77 78 8 88: 115 74:0.6:0.641791044776119
20:40:85.0746268656716: 102 104 105 113 4 49 68 71 95 98: 115 9:0.6:0.701492537313433
20:40:79.1044776119403: 102 109 113 148 155 42 44 46 47 48 68 8 81 88: 115 98:0.6:0.582089552238806
20:40:98.5074626865672: 68: 118 138 156:0.6:0.970149253731343
20:40:73.134328358209: 102 105 109 113 141 144 148 155 4 42 44 46 47 48 68 77 8 88: 118 147:0.6:0.462686567164179
20:40:100:-1: 118 152 156 73 86 99:0.6:1
20:40:77.6119402985075: 102 105 109 113 144 148 4 42 44 46 47 48 68 77 88: 118 160:0.6:0.552238805970149
20:40:74.6268656716418: 102 105 109 113 144 148 155 38 4 44 46 47 48 68 8 81 88: 118 27:0.6:0.492537313432836
20:40:82.089552238806: 102 109 113 148 155 4 44 46 48 68 8 88: 118 31:0.6:0.641791044776119
20:40:85.0746268656716: 102 109 113 148 155 38 4 44 46 68: 118 37:0.6:0.701492537313433
20:40:76.1194029850746: 102 109 113 148 155 38 4 42 44 46 47 48 68 8 81 88: 118 43:0.6:0.522388059701492
20:40:79.1044776119403: 102 109 113 141 144 148 155 38 4 44 46 48 68 81: 118 45:0.6:0.582089552238806
20:40:77.6119402985075: 102 109 113 148 155 4 42 44 46 47 48 68 8 81 88: 118 49:0.6:0.552238805970149
20:40:86.5671641791045: 102 109 113 148 155 44 46 48 68: 118 70:0.6:0.73134328358209
20:40:80.5970149253731: 102 109 113 148 155 38 42 44 46 47 48 68 88: 118 71:0.6:0.611940298507463
20:40:82.089552238806: 102 141 144 148 155 38 42 46 48 68 78 8: 118 74:0.6:0.641791044776119
20:40:92.5373134328358: 105 113 4 68 95: 118 9:0.6:0.850746268656716
20:40:80.5970149253731: 102 109 113 148 155 42 44 46 47 48 68 81 88: 118 98:0.6:0.611940298507463
20:40:98.5074626865672: 105: 136 16:0.6:0.970149253731343
20:40:98.5074626865672: 68: 138 156 37:0.6:0.970149253731343
20:40:98.5074626865672: 4: 138 86:0.6:0.970149253731343
20:40:100:-1: 141 8:0.6:1
20:40:95.5223880597015: 77 81 9: 144 8:0.6:0.91044776119403
20:40:76.1194029850746: 102 104 109 113 148 155 42 44 46 47 48 66 77 88 96 98: 147 152:0.6:0.522388059701492
20:40:76.1194029850746: 102 104 109 113 148 155 42 44 46 47 48 66 77 88 96 98: 147 152 160:0.6:0.522388059701492
20:40:91.044776119403: 105 46 48 68 77 88: 147 156:0.6:0.82089552238806
20:40:91.044776119403: 108 111 114 115 38 88: 147 16:0.6:0.82089552238806
20:40:100:-1: 147 160 18 27 31 37 43 45 49 52 70 71 74:0.6:1
20:40:98.5074626865672: 38: 147 18:0.6:0.970149253731343
20:40:100:-1: 147 37 74:0.6:1
20:40:97.0149253731343: 38 44: 147 52:0.6:0.940298507462687
20:40:73.134328358209: 102 105 109 113 141 144 148 155 4 42 44 46 47 48 77 78 88 96: 147 86:0.6:0.462686567164179
20:40:71.6417910447761: 102 105 109 113 141 144 148 155 4 42 44 46 47 48 68 77 78 8 88: 147 99:0.6:0.432835820895522
20:40:53.7313432835821: 104 107 110 111 112 114 138 147 156 16 160 18 27 29 31 37 4 43 45 49 52 67 70 71 72 73 74 77 86 98 99: 148 81:0.6:0.0746268656716418
20:40:97.0149253731343: 113 44: 152 156:0.6:0.940298507462687
20:40:76.1194029850746: 102 104 109 113 148 155 42 44 46 47 48 66 77 88 96 98: 152 160:0.6:0.522388059701492
20:40:82.089552238806: 102 109 113 148 155 44 46 47 48 66 88 96: 152 31:0.6:0.641791044776119
20:40:83.5820895522388: 102 109 113 148 155 44 46 47 66 88 96: 152 37:0.6:0.671641791044776
20:40:77.6119402985075: 102 113 144 148 155 38 42 44 46 48 68 77 8 81 88: 152 52:0.6:0.552238805970149
20:40:77.6119402985075: 102 104 109 113 148 155 42 44 46 47 48 66 88 96 98: 152 70:0.6:0.552238805970149
20:40:80.5970149253731: 102 113 148 155 38 42 44 46 48 66 68 88 96: 152 74:0.6:0.611940298507463
20:40:92.5373134328358: 138 152 4 52 88: 155 39:0.6:0.850746268656716
20:40:91.044776119403: 112 138 147 156 160 37: 155 44:0.6:0.82089552238806
20:40:95.5223880597015: 107 136 88: 155 46:0.6:0.91044776119403
20:40:98.5074626865672: 52: 155 47:0.6:0.970149253731343
20:40:86.5671641791045: 105 108 138 4 52 77 88 9 98: 155 64:0.6:0.73134328358209
20:40:92.5373134328358: 109 46 48 77 88: 156 160:0.6:0.850746268656716
20:40:89.5522388059701: 148 155 38 48 68 8 81: 156 27:0.6:0.791044776119403
20:40:95.5223880597015: 148 155 68: 156 31:0.6:0.91044776119403
20:40:98.5074626865672: 68: 156 37:0.6:0.970149253731343
20:40:89.5522388059701: 148 155 46 48 68 8 88: 156 43:0.6:0.791044776119403
20:40:88.0597014925373: 148 155 38 46 48 68 78 81: 156 45:0.6:0.761194029850746
20:40:91.044776119403: 109 148 155 48 68 88: 156 49:0.6:0.82089552238806
20:40:94.0298507462687: 148 155 48 68: 156 70:0.6:0.880597014925373
20:40:92.5373134328358: 148 155 46 48 68: 156 71:0.6:0.850746268656716
20:40:98.5074626865672: 113: 156 73:0.6:0.970149253731343
20:40:88.0597014925373: 144 148 155 38 48 68 78 8: 156 74:0.6:0.761194029850746
20:40:98.5074626865672: 44: 156 86:0.6:0.970149253731343
20:40:92.5373134328358: 102 105 113 68 88: 156 9:0.6:0.850746268656716
20:40:88.0597014925373: 109 148 155 42 46 47 48 88: 156 98:0.6:0.761194029850746
20:40:100:-1: 16 18:0.6:1
20:40:100:-1: 16 18 27 45 52 74:0.6:1
20:40:98.5074626865672: 88: 16 27:0.6:0.970149253731343
20:40:98.5074626865672: 88: 16 27 74:0.6:0.970149253731343
20:40:97.0149253731343: 38 88: 16 31:0.6:0.940298507462687
20:40:95.5223880597015: 114 38 88: 16 37:0.6:0.91044776119403
20:40:89.5522388059701: 108 111 114 115 38 88 99: 16 43:0.6:0.791044776119403
20:40:95.5223880597015: 108 38 88: 16 45:0.6:0.91044776119403
20:40:86.5671641791045: 102 104 108 111 114 115 38 88 99: 16 49:0.6:0.73134328358209
20:40:97.0149253731343: 109 88: 16 52:0.6:0.940298507462687
20:40:86.5671641791045: 108 110 111 112 114 115 38 88 99: 16 70:0.6:0.73134328358209
20:40:98.5074626865672: 88: 16 74:0.6:0.970149253731343
20:40:97.0149253731343: 38 88: 160 18:0.6:0.940298507462687
20:40:97.0149253731343: 38 88: 160 18 49:0.6:0.940298507462687
20:40:100:-1: 160 37 74:0.6:1
20:40:97.0149253731343: 38 44: 160 52:0.6:0.940298507462687
20:40:79.1044776119403: 102 109 113 144 148 4 42 44 46 47 48 77 88 96: 160 86:0.6:0.582089552238806
20:40:74.6268656716418: 102 105 109 113 141 144 148 4 42 44 46 47 48 68 77 8 88: 160 99:0.6:0.492537313432836
20:40:100:-1: 18 27 37 45 52 74:0.6:1
20:40:98.5074626865672: 38: 18 31:0.6:0.970149253731343
20:40:98.5074626865672: 38: 18 37:0.6:0.970149253731343
20:40:98.5074626865672: 38: 18 43:0.6:0.970149253731343
20:40:97.0149253731343: 38 88: 18 49:0.6:0.940298507462687
20:40:98.5074626865672: 38: 18 52 70:0.6:0.970149253731343
20:40:98.5074626865672: 38: 18 71:0.6:0.970149253731343
20:40:95.5223880597015: 38 68 88: 18 98:0.6:0.91044776119403
20:40:74.6268656716418: 102 105 109 113 144 148 155 38 4 44 46 47 48 8 81 88 96: 27 86:0.6:0.492537313432836
20:40:73.134328358209: 105 109 113 141 144 148 155 38 4 44 46 47 48 68 77 8 81 88: 27 99:0.6:0.462686567164179
20:40:100:-1: 31 37 71 74:0.6:1
20:40:100:-1: 31 37 98:0.6:1
20:40:98.5074626865672: 44: 31 43 52 71:0.6:0.970149253731343
20:40:98.5074626865672: 44: 31 52:0.6:0.970149253731343
20:40:88.0597014925373: 102 109 113 148 155 44 46 88: 31 73:0.6:0.761194029850746
20:40:80.5970149253731: 102 109 113 148 155 4 44 46 47 48 77 88 96: 31 86:0.6:0.611940298507463
20:40:82.089552238806: 102 109 113 148 155 4 44 46 68 77 8 88: 31 99:0.6:0.641791044776119
20:40:100:-1: 37 43 74:0.6:1
20:40:100:-1: 37 49 74:0.6:1
20:40:92.5373134328358: 102 109 113 44 88: 37 73:0.6:0.850746268656716
20:40:82.089552238806: 102 109 113 148 155 4 44 46 47 77 88 96: 37 86:0.6:0.641791044776119
20:40:82.089552238806: 102 109 113 141 144 148 4 44 68 77 78 88: 37 99:0.6:0.641791044776119
20:40:94.0298507462687: 147 43 68 98: 38 8:0.6:0.880597014925373
20:40:95.5223880597015: 107 136 16: 39 46:0.6:0.91044776119403
20:40:98.5074626865672: 4: 39 47:0.6:0.970149253731343
20:40:100:-1: 39 64:0.6:1
20:40:61.1940298507463: 103 104 108 110 111 112 114 115 118 136 156 160 27 31 37 43 45 49 52 67 70 71 74 86 98 99: 39 95:0.6:0.223880597014925
20:40:77.6119402985075: 112 138 147 156 160 18 27 29 31 37 43 45 70 71 72: 42 44:0.6:0.552238805970149
20:40:98.5074626865672: 44: 43 52:0.6:0.970149253731343
20:40:79.1044776119403: 102 109 113 148 155 4 42 44 46 47 48 81 88 96: 43 86:0.6:0.582089552238806
20:40:76.1194029850746: 102 109 113 144 148 155 4 42 44 46 47 48 68 8 81 88: 43 99:0.6:0.522388059701492
20:40:74.6268656716418: 102 109 113 141 144 148 155 4 42 44 46 48 77 78 81 88 96: 45 86:0.6:0.492537313432836
20:40:71.6417910447761: 102 105 109 113 141 144 148 155 38 4 44 46 48 68 77 78 8 81 88: 45 99:0.6:0.432835820895522
20:40:100:-1: 46 47:0.6:1
20:40:97.0149253731343: 158 29: 46 48:0.6:0.940298507462687
20:40:88.0597014925373: 138 147 160 4 71 77 9 98: 46 64:0.6:0.761194029850746
20:40:95.5223880597015: 45 52 74: 47 48:0.6:0.91044776119403
20:40:95.5223880597015: 108 138 4: 47 64:0.6:0.91044776119403
20:40:76.1194029850746: 103 108 110 111 112 114 115 118 138 152 156 67 73 84 86 99: 48 95:0.6:0.522388059701492
20:40:97.0149253731343: 38 44: 49 52:0.6:0.940298507462687
20:40:79.1044776119403: 102 109 113 148 155 4 42 44 46 47 48 77 88 96: 49 86:0.6:0.582089552238806
20:40:76.1194029850746: 102 109 113 144 148 155 4 42 44 46 47 48 68 77 8 88: 49 99:0.6:0.522388059701492
20:40:98.5074626865672: 38: 52 70:0.6:0.970149253731343
20:40:98.5074626865672: 44: 52 71:0.6:0.970149253731343
20:40:82.089552238806: 102 113 141 144 148 155 38 48 78 8 81 88: 52 73:0.6:0.641791044776119
20:40:77.6119402985075: 102 113 141 144 148 155 38 42 46 48 77 78 8 81 88: 52 86:0.6:0.552238805970149
20:40:97.0149253731343: 38 44: 52 98:0.6:0.940298507462687
20:40:62.6865671641791: 104 108 110 111 112 114 115 118 147 152 156 160 27 31 37 43 45 49 52 70 71 74 86 98 99: 64 95:0.6:0.253731343283582
20:40:85.0746268656716: 102 109 113 148 44 46 48 49 84 88: 70 73:0.6:0.701492537313433
20:40:85.0746268656716: 102 109 113 148 155 44 46 48 88 96: 70 86:0.6:0.701492537313433
20:40:85.0746268656716: 102 109 113 148 155 44 46 48 68 88: 70 99:0.6:0.701492537313433
20:40:79.1044776119403: 102 109 113 155 42 43 44 46 47 48 49 84 88 98: 71 73:0.6:0.582089552238806
20:40:79.1044776119403: 102 109 113 144 148 155 4 42 44 46 47 48 88 96: 71 86:0.6:0.582089552238806
20:40:73.134328358209: 102 105 109 113 144 148 155 38 4 42 44 46 47 48 68 78 8 88: 71 99:0.6:0.462686567164179
20:40:85.0746268656716: 102 113 141 144 148 46 48 78 8 88: 73 74:0.6:0.701492537313433
20:40:76.1194029850746: 102 113 141 144 148 155 38 4 42 44 46 48 77 78 8 88: 74 86:0.6:0.522388059701492
20:40:98.5074626865672: 78: 74 98:0.6:0.970149253731343
20:40:77.6119402985075: 102 141 144 148 155 38 4 42 46 48 68 77 78 8 88: 74 99:0.6:0.552238805970149
20:40:97.0149253731343: 105 4: 86 9:0.6:0.940298507462687
20:40:77.6119402985075: 102 109 113 148 155 4 41 42 44 46 47 48 72 88 96: 86 98:0.6:0.552238805970149
20:40:86.5671641791045: 104 105 113 4 43 68 77 95 98: 9 99:0.6:0.73134328358209
20:40:80.5970149253731: 102 109 113 148 155 4 42 44 46 47 48 68 88: 98 99:0.6:0.611940298507463
20:30:65.6716417910448: 104 147 160 18 27 31 37 4 42 43 45 49 52 64 67 70 71 72 74 75 84 88 98: 102 105:0.2:0.313432835820896
20:30:55.2238805970149: 104 108 110 111 112 114 115 118 147 152 156 158 160 27 29 31 37 43 45 46 47 49 52 70 71 72 74 88 98 99: 102 109:0.2:0.104477611940299
20:30:70.1492537313433: 103 108 136 147 158 160 27 31 37 45 49 52 67 72 73 74 86 88 9 99: 102 141:0.2:0.402985074626866
20:30:61.1940298507463: 103 108 138 147 158 160 27 37 41 43 45 48 49 52 67 71 72 73 74 77 81 86 88 9 98 99: 102 144:0.2:0.223880597014925
20:30:80.5970149253731: 107 136 16 29 39 4 41 42 67 72 75 81 88: 102 148:0.2:0.611940298507463
20:30:65.6716417910448: 103 108 110 111 114 115 118 138 152 155 158 16 18 42 52 67 68 73 74 86 88 9 99: 102 38:0.2:0.313432835820896
20:30:68.6567164179104: 104 147 158 16 160 18 27 31 37 4 43 45 49 52 64 70 71 72 74 88 98: 102 39:0.2:0.373134328358209
20:30:85.0746268656716: 103 113 144 148 29 48 73 77 81 9: 102 41:0.2:0.701492537313433
20:30:98.5074626865672: 29: 102 44:0.2:0.970149253731343
20:30:71.6417910447761: 109 110 111 112 114 115 118 156 158 29 37 47 49 52 72 74 75 88 99: 102 46:0.2:0.432835820895522
20:30:56.7164179104478: 104 109 110 111 112 114 115 118 147 152 156 158 160 27 29 31 37 43 45 46 49 52 70 71 72 74 88 98 99: 102 47:0.2:0.134328358208955
20:30:95.5223880597015: 156 37 88: 102 48:0.2:0.91044776119403
20:30:79.1044776119403: 107 108 136 152 158 16 4 41 42 67 73 75 86 88: 102 51:0.2:0.582089552238806
20:30:65.6716417910448: 104 105 147 158 160 18 27 29 31 37 39 4 43 45 49 52 70 71 72 74 75 88 98: 102 64:0.2:0.313432835820896
20:30:80.5970149253731: 103 107 108 111 112 115 136 16 29 73 86 9 99: 102 66:0.2:0.611940298507463
20:30:73.134328358209: 103 108 110 111 114 115 118 138 4 42 52 67 73 74 86 88 9 99: 102 78:0.2:0.462686567164179
20:30:65.6716417910448: 103 104 136 141 144 147 158 16 160 18 27 31 37 43 45 49 52 70 71 72 74 88 98: 102 8:0.2:0.313432835820896
20:30:53.7313432835821: 104 108 110 111 112 114 115 118 144 147 155 156 160 27 31 37 38 39 41 42 43 44 45 49 52 70 71 74 75 98 99: 102 81:0.2:0.0746268656716418
20:30:86.5671641791045: 103 108 29 4 42 67 84 86 88: 102 95:0.2:0.73134328358209
20:30:76.1194029850746: 102 109 113 148 155 42 44 46 47 48 51 66 72 88 96 98: 103 104:0.2:0.522388059701492
20:30:58.2089552238806: 108 109 110 111 112 113 114 115 118 136 141 144 148 156 38 46 47 48 51 68 73 78 8 81 86 88 9 99: 103 107:0.2:0.164179104477612
20:30:59.7014925373134: 108 109 110 111 112 113 114 115 118 141 144 148 152 156 38 42 46 47 48 51 72 73 8 81 86 9 99: 103 136:0.2:0.194029850746269
20:30:76.1194029850746: 102 109 113 144 148 155 42 44 46 47 48 51 66 77 88 96: 103 147:0.2:0.522388059701492
20:30:67.1641791044776: 102 108 109 111 113 114 115 141 144 148 152 38 42 44 46 47 48 51 77 8 81 96: 103 16:0.2:0.343283582089552
20:30:77.6119402985075: 102 109 113 144 148 42 44 46 47 48 51 66 77 88 96: 103 160:0.2:0.552238805970149
20:30:67.1641791044776: 108 109 110 111 112 114 115 118 144 148 152 155 38 4 44 46 47 48 68 77 86 99: 103 29:0.2:0.343283582089552
20:30:74.6268656716418: 102 104 109 113 148 155 42 44 46 47 48 49 51 66 88 96 98: 103 43:0.2:0.492537313432836
20:30:77.6119402985075: 102 109 113 144 148 155 42 44 46 48 51 66 81 88 96: 103 45:0.2:0.552238805970149
20:30:74.6268656716418: 102 104 109 113 148 155 42 44 46 47 48 51 66 72 88 96 98: 103 49:0.2:0.492537313432836
20:30:89.5522388059701: 114 118 147 37 41 71 73: 103 67:0.2:0.791044776119403
20:30:76.1194029850746: 102 104 109 113 148 155 42 44 46 47 48 51 66 72 88 96: 103 98:0.2:0.522388059701492
20:30:70.1492537313433: 102 108 110 111 112 114 115 141 160 38 41 43 44 49 68 70 71 78 98 99: 104 107:0.2:0.402985074626866
20:30:62.6865671641791: 102 108 110 111 112 114 115 141 144 155 160 31 38 41 43 44 49 70 71 73 8 86 88 98 99: 104 136:0.2:0.253731343283582
20:30:64.1791044776119: 102 113 147 148 155 160 27 31 42 43 44 45 46 48 49 51 66 70 71 72 84 88 96 98: 104 138:0.2:0.283582089552239
20:30:76.1194029850746: 102 109 113 148 155 42 44 46 47 48 66 72 81 88 96 98: 104 152:0.2:0.522388059701492
20:30:86.5671641791045: 102 108 111 114 115 38 8 88 99: 104 16:0.2:0.73134328358209
20:30:61.1940298507463: 102 108 110 111 112 113 114 115 147 160 27 31 38 43 45 49 51 68 70 71 72 77 88 96 98 99: 104 29:0.2:0.223880597014925
20:30:74.6268656716418: 102 109 113 148 155 42 43 44 46 47 48 49 72 84 88 96 98: 104 73:0.2:0.492537313432836
20:30:62.6865671641791: 102 109 113 138 148 155 160 42 43 44 46 47 48 49 51 66 70 71 72 81 84 88 95 96 98: 104 9:0.2:0.253731343283582
20:30:68.6567164179104: 104 147 16 160 18 27 31 37 4 43 45 49 52 64 67 70 71 74 75 88 98: 105 113:0.2:0.373134328358209
20:30:85.0746268656716: 103 107 136 144 158 4 73 75 77 9: 105 141:0.2:0.701492537313433
20:30:62.6865671641791: 104 107 118 136 147 16 160 18 27 29 31 37 39 41 43 45 49 52 64 70 71 74 81 95 98: 105 148:0.2:0.253731343283582
20:30:73.134328358209: 108 110 111 114 115 118 136 138 152 156 4 41 42 67 77 86 88 99: 105 155:0.2:0.462686567164179
20:30:71.6417910447761: 103 104 118 136 144 147 152 160 39 4 49 64 68 73 75 77 9 95 98: 105 38:0.2:0.432835820895522
20:30:61.1940298507463: 104 108 115 147 152 160 18 27 31 37 4 41 42 43 45 49 64 67 70 71 75 77 86 88 95 98: 105 44:0.2:0.223880597014925
20:30:79.1044776119403: 108 110 111 112 114 115 118 152 156 4 67 77 86 99: 105 47:0.2:0.582089552238806
20:30:70.1492537313433: 104 136 147 16 160 18 27 31 37 39 43 45 49 52 64 70 71 74 95 98: 105 51:0.2:0.402985074626866
20:30:68.6567164179104: 103 109 141 144 155 158 29 38 39 4 41 42 44 46 47 64 68 8 81 84 95: 105 77:0.2:0.373134328358209
20:30:79.1044776119403: 103 104 109 138 16 160 18 27 46 47 64 73 9 98: 105 78:0.2:0.582089552238806
20:30:91.044776119403: 107 136 144 4 75 77: 105 8:0.2:0.82089552238806
20:30:68.6567164179104: 104 147 16 160 18 27 31 37 4 43 45 49 52 64 67 70 71 74 75 95 98: 105 96:0.2:0.373134328358209
20:30:61.1940298507463: 109 110 111 112 114 115 118 136 141 144 148 156 38 4 46 47 48 68 73 75 77 78 8 81 86 99: 107 108:0.2:0.223880597014925
20:30:64.1791044776119: 108 109 111 112 114 115 118 136 141 144 148 156 38 46 47 48 68 73 75 78 8 81 86 99: 107 110:0.2:0.283582089552239
20:30:62.6865671641791: 108 109 110 112 114 115 118 136 141 144 148 156 38 4 46 47 48 68 73 75 78 8 81 86 99: 107 111:0.2:0.253731343283582
20:30:64.1791044776119: 108 109 110 111 114 115 118 136 141 144 148 156 38 46 47 48 68 73 75 78 8 81 86 99: 107 112:0.2:0.283582089552239
20:30:61.1940298507463: 108 109 110 111 112 115 118 136 141 144 148 156 38 4 46 47 48 68 73 75 77 78 8 81 86 99: 107 114:0.2:0.223880597014925
20:30:58.2089552238806: 104 108 109 110 111 112 114 118 136 141 144 148 156 38 4 46 47 48 68 73 75 77 78 8 81 86 98 99: 107 115:0.2:0.164179104477612
20:30:62.6865671641791: 108 109 110 111 112 114 115 136 141 144 148 156 38 4 46 47 48 68 73 75 78 8 81 86 99: 107 118:0.2:0.253731343283582
20:30:74.6268656716418: 109 136 141 144 148 38 46 47 48 51 68 75 78 8 81 88 9: 107 138:0.2:0.492537313432836
20:30:68.6567164179104: 102 104 105 108 110 111 112 114 115 156 160 38 41 43 44 49 68 70 71 98 99: 107 147:0.2:0.373134328358209
20:30:62.6865671641791: 108 109 110 111 113 114 115 118 136 141 148 155 156 38 46 47 48 66 68 73 8 81 86 9 99: 107 152:0.2:0.253731343283582
20:30:65.6716417910448: 108 109 110 111 112 114 115 118 136 141 148 38 46 47 48 68 73 75 78 8 81 86 99: 107 156:0.2:0.313432835820896
20:30:98.5074626865672: 105: 107 16:0.2:0.970149253731343
20:30:70.1492537313433: 102 104 108 110 111 112 114 115 147 156 38 41 43 44 49 68 70 71 98 99: 107 160:0.2:0.402985074626866
20:30:74.6268656716418: 102 104 105 108 110 111 112 114 115 160 31 43 44 49 71 98 99: 107 27:0.2:0.492537313432836
20:30:94.0298507462687: 141 44 51 77: 107 29:0.2:0.880597014925373
20:30:77.6119402985075: 102 104 108 110 111 112 115 141 160 38 43 44 68 98 99: 107 31:0.2:0.552238805970149
20:30:82.089552238806: 102 108 110 111 112 114 115 118 156 44 68 99: 107 37:0.2:0.641791044776119
20:30:73.134328358209: 102 104 108 110 111 112 114 115 141 160 38 44 49 68 70 71 98 99: 107 43:0.2:0.462686567164179
20:30:77.6119402985075: 102 104 108 110 111 112 114 115 160 43 44 49 71 98 99: 107 45:0.2:0.552238805970149
20:30:71.6417910447761: 102 104 108 110 111 112 114 115 141 160 38 41 43 44 68 70 71 98 99: 107 49:0.2:0.432835820895522
20:30:76.1194029850746: 109 113 141 148 4 41 44 46 47 48 66 68 77 81 88 96: 107 67:0.2:0.522388059701492
20:30:67.1641791044776: 102 104 108 110 111 112 114 115 141 147 156 160 31 38 43 44 49 68 71 86 98 99: 107 70:0.2:0.343283582089552
20:30:73.134328358209: 102 104 108 110 111 112 114 115 141 160 41 43 44 49 68 70 98 99: 107 71:0.2:0.462686567164179
20:30:61.1940298507463: 108 109 110 111 112 113 114 115 118 136 141 144 148 152 156 38 46 47 48 68 78 8 81 86 9 99: 107 73:0.2:0.223880597014925
20:30:61.1940298507463: 108 109 110 111 112 114 115 118 136 141 144 148 156 38 4 46 47 48 68 73 75 77 78 8 81 99: 107 86:0.2:0.223880597014925
20:30:70.1492537313433: 105 109 111 113 115 136 141 144 148 38 46 47 48 51 68 73 75 78 81 88: 107 9:0.2:0.402985074626866
20:30:70.1492537313433: 102 104 108 110 111 112 114 115 141 160 38 41 43 44 49 68 70 71 78 99: 107 98:0.2:0.402985074626866
20:30:58.2089552238806: 104 108 109 110 111 112 114 115 118 136 141 144 148 156 38 4 46 47 48 68 73 75 77 78 8 81 86 98: 107 99:0.2:0.164179104477612
20:30:58.2089552238806: 103 107 109 110 111 112 114 115 118 141 144 148 152 156 38 42 46 47 48 68 71 73 75 8 81 86 9 99: 108 136:0.2:0.164179104477612
20:30:62.6865671641791: 103 105 109 110 111 112 114 115 118 136 141 144 148 156 38 4 46 47 48 68 77 8 81 86 99: 108 16:0.2:0.253731343283582
20:30:70.1492537313433: 105 111 114 115 141 144 148 155 16 38 4 44 46 48 68 77 78 8 81 99: 108 18:0.2:0.402985074626866
20:30:59.7014925373134: 104 109 110 111 112 114 115 118 144 148 152 155 156 38 4 43 44 46 47 49 68 71 77 78 86 98 99: 108 29:0.2:0.194029850746269
20:30:79.1044776119403: 102 111 141 144 148 155 38 48 68 77 78 8 81 88: 108 52:0.2:0.582089552238806
20:30:53.7313432835821: 104 110 111 112 113 114 115 118 147 156 160 27 31 37 38 41 43 44 45 49 66 68 70 71 73 74 8 86 96 98 99: 108 67:0.2:0.0746268656716418
20:30:58.2089552238806: 104 108 110 111 112 114 115 118 147 156 158 160 18 27 31 37 43 45 46 47 49 52 70 71 74 86 98 99: 109 113:0.2:0.164179104477612
20:30:73.134328358209: 103 107 108 110 111 112 114 115 118 136 152 156 67 73 75 86 9 99: 109 141:0.2:0.462686567164179
20:30:73.134328358209: 103 107 108 110 111 112 114 115 118 136 152 156 67 73 75 86 9 99: 109 141 47:0.2:0.462686567164179
20:30:59.7014925373134: 103 105 108 110 111 112 114 115 118 136 138 152 155 156 29 39 46 47 48 64 67 73 77 81 86 9 99: 109 144:0.2:0.194029850746269
20:30:61.1940298507463: 103 108 110 111 112 114 115 118 136 138 152 155 156 16 29 39 46 47 64 67 68 73 75 86 9 99: 109 38:0.2:0.223880597014925
20:30:88.0597014925373: 105 29 46 47 64 72 77 88: 109 42:0.2:0.761194029850746
20:30:77.6119402985075: 104 112 147 156 158 160 18 27 37 43 45 46 70 71 98: 109 44:0.2:0.552238805970149
20:30:70.1492537313433: 103 107 108 110 111 112 114 115 118 136 144 152 156 16 29 73 75 86 9 99: 109 8:0.2:0.402985074626866
20:30:77.6119402985075: 105 144 155 158 29 39 41 42 44 46 47 64 72 75 95: 109 81:0.2:0.552238805970149
20:30:70.1492537313433: 103 108 110 111 112 114 115 118 152 156 4 45 46 47 52 67 73 74 86 99: 109 95:0.2:0.402985074626866
20:30:55.2238805970149: 103 104 108 110 111 112 114 115 118 147 152 156 160 18 27 31 37 43 45 46 49 52 70 71 73 74 86 9 98 99: 109 96:0.2:0.104477611940299
20:30:58.2089552238806: 103 107 108 109 111 112 114 115 118 141 144 148 152 156 38 42 46 47 48 68 70 73 75 8 81 86 9 99: 110 136:0.2:0.164179104477612
20:30:64.1791044776119: 105 108 109 111 112 114 115 118 136 141 144 148 156 38 4 46 47 48 68 77 8 81 86 99: 110 16:0.2:0.283582089552239
20:30:76.1194029850746: 105 111 114 115 141 144 148 38 4 44 46 68 77 8 81 99: 110 18:0.2:0.522388059701492
20:30:61.1940298507463: 104 108 109 111 112 114 115 118 144 148 155 156 38 4 43 44 46 47 49 68 70 77 78 86 98 99: 110 29:0.2:0.223880597014925
20:30:53.7313432835821: 102 104 108 111 112 113 114 115 118 147 156 160 27 31 37 38 41 43 44 45 49 66 68 70 71 73 74 86 96 98 99: 110 67:0.2:0.0746268656716418
20:30:59.7014925373134: 103 107 108 109 110 112 114 115 118 141 144 148 152 156 38 41 46 47 48 68 73 75 8 81 86 9 99: 111 136:0.2:0.194029850746269
20:30:91.044776119403: 104 4 43 49 68 98: 111 138:0.2:0.82089552238806
20:30:64.1791044776119: 105 108 109 110 112 114 115 118 136 141 144 148 156 38 4 46 47 48 68 77 8 81 86 99: 111 16:0.2:0.283582089552239
20:30:77.6119402985075: 105 114 115 141 144 148 38 4 46 48 68 77 8 81 99: 111 18:0.2:0.552238805970149
20:30:62.6865671641791: 104 108 109 110 112 114 115 118 144 148 155 156 38 4 43 44 46 47 49 68 77 78 86 98 99: 111 29:0.2:0.253731343283582
20:30:82.089552238806: 141 144 148 155 38 48 68 77 78 8 81 88: 111 52:0.2:0.641791044776119
20:30:56.7164179104478: 102 104 108 110 112 113 114 115 118 147 156 160 27 31 37 38 41 43 44 45 49 66 68 70 71 88 96 98 99: 111 67:0.2:0.134328358208955
20:30:59.7014925373134: 103 107 108 109 110 111 114 115 118 141 144 148 156 38 46 47 48 68 70 71 73 75 8 81 86 9 99: 112 136:0.2:0.194029850746269
20:30:70.1492537313433: 108 109 110 111 114 115 136 141 144 148 156 38 4 46 47 68 77 8 86 99: 112 16:0.2:0.402985074626866
20:30:82.089552238806: 105 111 114 115 141 144 148 38 4 68 77 8: 112 18:0.2:0.641791044776119
20:30:62.6865671641791: 104 108 109 110 111 114 115 118 144 155 156 38 4 43 46 47 49 68 70 71 77 78 86 98 99: 112 29:0.2:0.253731343283582
20:30:53.7313432835821: 102 104 108 110 111 113 114 115 118 147 156 160 27 31 37 41 43 44 45 49 66 68 70 71 73 74 86 88 96 98 99: 112 67:0.2:0.0746268656716418
20:30:62.6865671641791: 103 104 107 136 147 158 16 160 18 27 31 37 43 45 49 52 67 70 71 73 74 86 88 9 98: 113 141:0.2:0.253731343283582
20:30:53.7313432835821: 103 104 105 136 147 152 158 16 160 18 27 31 37 43 45 48 49 52 66 67 70 71 73 74 77 81 86 88 9 95 98: 113 144:0.2:0.0746268656716418
20:30:89.5522388059701: 39 4 41 44 67 75 81: 113 148:0.2:0.791044776119403
20:30:56.7164179104478: 103 107 108 111 114 115 118 136 138 152 155 158 16 18 27 29 37 43 45 52 67 68 71 73 74 77 86 88 9: 113 38:0.2:0.134328358208955
20:30:61.1940298507463: 104 107 110 112 136 147 148 156 158 16 160 18 27 31 37 4 43 45 49 52 64 70 71 74 88 98: 113 39:0.2:0.223880597014925
20:30:83.5820895522388: 103 105 136 148 48 51 73 77 81 9 95: 113 41:0.2:0.671641791044776
20:30:53.7313432835821: 104 105 107 108 110 111 112 114 115 118 138 147 156 16 160 18 27 31 37 43 45 49 52 70 71 72 74 77 86 98 99: 113 42:0.2:0.0746268656716418
20:30:59.7014925373134: 104 108 110 111 112 114 115 118 147 156 158 160 27 31 37 43 45 49 52 70 71 74 75 86 88 98 99: 113 46:0.2:0.194029850746269
20:30:59.7014925373134: 104 108 110 111 112 114 115 118 147 156 158 160 18 27 31 37 43 45 49 52 70 71 74 86 88 98 99: 113 47:0.2:0.194029850746269
20:30:88.0597014925373: 152 158 4 44 67 73 88 9: 113 51:0.2:0.761194029850746
20:30:65.6716417910448: 104 112 136 147 156 158 16 160 18 27 31 37 39 4 43 45 49 52 70 71 74 88 98: 113 64:0.2:0.313432835820896
20:30:94.0298507462687: 103 111 73 9: 113 66:0.2:0.880597014925373
20:30:67.1641791044776: 103 107 108 109 111 114 118 138 147 152 160 37 45 46 52 67 71 73 74 86 88 9: 113 78:0.2:0.343283582089552
20:30:68.6567164179104: 103 104 107 136 144 147 16 160 18 27 31 37 43 45 49 52 70 71 74 88 98: 113 8:0.2:0.373134328358209
20:30:92.5373134328358: 147 152 4 67 88: 113 95:0.2:0.850746268656716
20:30:98.5074626865672: 9: 113 96:0.2:0.970149253731343
20:30:80.5970149253731: 111 141 144 148 155 38 48 68 77 78 8 81 88: 114 115 52 99:0.2:0.611940298507463
20:30:58.2089552238806: 103 107 108 109 110 111 112 115 118 141 144 148 152 156 38 4 41 46 47 48 68 73 75 8 81 86 9 99: 114 136:0.2:0.164179104477612
20:30:94.0298507462687: 4 43 49 68: 114 138:0.2:0.880597014925373
20:30:64.1791044776119: 105 108 109 110 111 112 115 118 136 141 144 148 156 38 4 46 47 48 68 77 8 81 86 99: 114 16:0.2:0.283582089552239
20:30:76.1194029850746: 105 111 115 144 148 16 38 4 44 46 48 68 77 78 8 81: 114 18:0.2:0.522388059701492
20:30:62.6865671641791: 104 108 109 110 111 112 115 118 144 148 155 156 38 4 44 46 47 49 64 68 77 78 86 98 99: 114 29:0.2:0.253731343283582
20:30:80.5970149253731: 111 141 144 148 155 38 48 68 77 78 8 81 88: 114 52:0.2:0.611940298507463
20:30:53.7313432835821: 102 104 108 110 111 112 113 115 118 147 156 160 27 31 37 38 41 43 44 45 49 66 68 70 71 74 86 88 96 98 99: 114 67:0.2:0.0746268656716418
20:30:52.2388059701493: 103 104 107 108 109 110 111 112 114 118 141 144 148 152 156 38 41 42 46 47 48 68 70 71 73 75 8 81 86 9 98 99: 115 136:0.2:0.0447761194029852
20:30:64.1791044776119: 105 108 109 110 111 112 114 118 136 141 144 148 156 38 4 46 47 48 68 77 8 81 86 99: 115 16:0.2:0.283582089552239
20:30:70.1492537313433: 105 108 110 111 114 141 144 148 155 38 4 44 46 48 68 77 78 8 81 99: 115 18:0.2:0.402985074626866
20:30:58.2089552238806: 104 108 109 110 111 112 114 118 144 148 155 156 38 4 43 44 46 47 49 68 70 71 77 78 8 86 98 99: 115 29:0.2:0.164179104477612
20:30:80.5970149253731: 111 141 144 148 155 38 48 68 77 78 8 81 88: 115 52:0.2:0.611940298507463
20:30:52.2388059701493: 102 104 108 110 111 112 113 114 118 147 156 160 27 31 37 38 41 43 44 45 49 66 68 70 71 73 8 86 88 96 98 99: 115 67:0.2:0.0447761194029852
20:30:56.7164179104478: 103 107 108 109 110 111 112 114 115 141 144 148 152 156 38 41 42 46 47 48 51 68 73 75 8 81 86 9 99: 118 136:0.2:0.134328358208955
20:30:64.1791044776119: 103 105 108 109 110 111 114 115 141 144 148 152 156 38 4 46 47 48 68 77 8 81 86 99: 118 16:0.2:0.283582089552239
20:30:79.1044776119403: 105 141 144 148 155 38 4 44 46 48 68 77 8 81: 118 18:0.2:0.582089552238806
20:30:67.1641791044776: 108 109 110 111 112 114 115 144 148 152 155 156 38 4 44 46 47 68 77 78 86 99: 118 29:0.2:0.343283582089552
20:30:82.089552238806: 102 141 144 148 155 38 48 68 77 78 8 81: 118 52:0.2:0.641791044776119
20:30:59.7014925373134: 102 104 108 110 111 112 114 115 147 156 160 27 31 37 38 41 43 49 66 68 70 71 86 88 96 98 99: 118 67:0.2:0.194029850746269
20:30:73.134328358209: 108 109 113 141 144 148 38 42 46 48 51 66 72 73 75 8 81 9: 136 138:0.2:0.462686567164179
20:30:56.7164179104478: 102 104 105 108 110 111 112 114 115 118 141 156 160 27 31 37 38 41 43 44 49 70 71 73 81 86 88 98 99: 136 147:0.2:0.134328358208955
20:30:58.2089552238806: 103 108 109 110 111 112 113 114 115 118 141 144 148 156 38 42 46 47 48 66 68 72 73 8 81 86 9 99: 136 152:0.2:0.164179104477612
20:30:61.1940298507463: 103 108 109 110 111 112 114 115 118 141 144 148 152 38 41 46 47 48 68 73 75 8 81 86 9 99: 136 156:0.2:0.223880597014925
20:30:59.7014925373134: 102 104 105 108 110 111 112 114 115 118 141 147 156 27 31 37 38 41 43 44 49 70 71 86 88 98 99: 136 160:0.2:0.194029850746269
20:30:94.0298507462687: 105 141 41 44: 136 18:0.2:0.880597014925373
20:30:62.6865671641791: 102 104 105 108 110 111 112 114 115 141 155 160 31 37 41 43 44 49 70 71 73 86 88 98 99: 136 27:0.2:0.253731343283582
20:30:86.5671641791045: 141 155 41 44 51 72 77 8 81: 136 29:0.2:0.73134328358209
20:30:58.2089552238806: 102 104 108 110 111 112 114 115 118 141 144 155 156 160 27 37 38 41 43 44 49 70 71 73 86 88 98 99: 136 31:0.2:0.164179104477612
20:30:65.6716417910448: 102 108 110 111 112 114 115 118 141 144 156 31 38 41 44 49 70 71 73 8 81 86 99: 136 37:0.2:0.313432835820896
20:30:62.6865671641791: 102 104 108 110 111 112 114 115 141 144 155 160 27 31 37 38 41 44 49 70 71 86 88 98 99: 136 43:0.2:0.253731343283582
20:30:65.6716417910448: 102 104 108 110 111 112 114 115 141 160 27 31 37 38 41 43 44 49 70 71 86 98 99: 136 45:0.2:0.313432835820896
20:30:62.6865671641791: 102 104 108 110 111 112 114 115 141 144 155 160 27 31 37 38 41 43 44 70 71 86 88 98 99: 136 49:0.2:0.253731343283582
20:30:89.5522388059701: 102 109 155 41 73 86 88: 136 52:0.2:0.791044776119403
20:30:76.1194029850746: 109 113 141 144 148 38 4 42 46 47 48 66 8 81 88 96: 136 67:0.2:0.522388059701492
20:30:59.7014925373134: 102 104 108 110 111 112 114 115 118 141 144 156 160 31 37 38 41 43 44 49 71 73 8 81 86 98 99: 136 70:0.2:0.194029850746269
20:30:64.1791044776119: 102 104 108 110 111 112 114 115 141 155 160 27 31 38 41 43 44 49 70 73 86 88 98 99: 136 71:0.2:0.283582089552239
20:30:86.5671641791045: 102 108 110 115 141 41 52 73 86: 136 74:0.2:0.73134328358209
20:30:59.7014925373134: 103 108 109 110 111 112 113 114 115 118 141 144 148 152 156 38 42 46 47 48 72 73 75 8 81 9 99: 136 86:0.2:0.194029850746269
20:30:58.2089552238806: 103 105 108 109 110 111 112 113 114 115 138 141 144 148 152 38 42 46 47 48 51 72 73 75 8 81 86 99: 136 9:0.2:0.164179104477612
20:30:64.1791044776119: 102 104 108 110 111 112 114 115 141 144 155 160 31 38 41 43 44 49 70 71 8 86 88 99: 136 98:0.2:0.283582089552239
20:30:55.2238805970149: 103 104 107 108 109 110 111 112 114 115 118 141 144 148 152 156 38 42 43 46 47 48 68 73 75 8 81 86 9 98: 136 99:0.2:0.104477611940299
20:30:64.1791044776119: 102 104 113 148 155 160 27 31 37 42 43 44 45 46 48 49 51 64 66 70 71 88 96 98: 138 147:0.2:0.283582089552239
20:30:83.5820895522388: 109 144 148 38 42 46 48 51 66 8 81: 138 16:0.2:0.671641791044776
20:30:65.6716417910448: 102 104 113 147 148 155 27 31 37 42 43 44 45 46 48 49 51 66 70 71 88 96 98: 138 160:0.2:0.313432835820896
20:30:86.5671641791045: 102 113 148 155 38 48 51 64 81: 138 18:0.2:0.73134328358209
20:30:67.1641791044776: 102 104 113 147 148 155 160 31 37 43 44 45 48 49 51 66 70 71 81 88 96 98: 138 27:0.2:0.343283582089552
20:30:88.0597014925373: 109 148 155 38 46 47 77 78: 138 29:0.2:0.761194029850746
20:30:68.6567164179104: 102 104 113 147 148 155 160 27 37 43 44 45 48 49 51 66 70 71 88 96 98: 138 31:0.2:0.373134328358209
20:30:70.1492537313433: 102 104 113 147 155 160 27 31 43 44 45 48 49 51 66 70 71 88 96 98: 138 37:0.2:0.402985074626866
20:30:61.1940298507463: 102 104 113 147 148 155 160 27 31 37 42 44 45 46 48 49 51 66 70 71 72 81 84 88 96 98: 138 43:0.2:0.223880597014925
20:30:65.6716417910448: 102 104 113 147 148 155 160 27 31 37 43 44 46 48 49 51 66 70 71 81 88 96 98: 138 45:0.2:0.313432835820896
20:30:64.1791044776119: 102 104 113 147 148 155 160 27 31 37 42 43 44 45 48 51 66 70 71 72 84 88 96 98: 138 49:0.2:0.283582089552239
20:30:80.5970149253731: 102 113 144 148 155 38 48 51 64 74 78 81 88: 138 52:0.2:0.611940298507463
20:30:95.5223880597015: 4 41 44: 138 67:0.2:0.91044776119403
20:30:68.6567164179104: 102 104 113 147 148 155 160 27 31 37 43 44 45 48 49 51 66 71 74 88 98: 138 70:0.2:0.373134328358209
20:30:67.1641791044776: 102 104 113 147 148 155 160 27 31 42 43 44 45 46 48 49 51 66 70 88 96 98: 138 71:0.2:0.343283582089552
20:30:74.6268656716418: 102 104 113 144 148 155 42 43 48 49 51 52 66 70 78 88 98: 138 74:0.2:0.492537313432836
20:30:64.1791044776119: 102 104 113 147 148 155 160 27 31 42 43 44 45 46 48 49 51 66 70 71 72 84 88 96: 138 98:0.2:0.283582089552239
20:30:89.5522388059701: 104 4 43 49 68 70 98: 138 99:0.2:0.791044776119403
20:30:98.5074626865672: 77: 141 144:0.2:0.970149253731343
20:30:98.5074626865672: 68: 141 144 38:0.2:0.970149253731343
20:30:53.7313432835821: 107 108 111 115 118 136 144 147 158 16 160 18 27 29 31 37 38 39 41 43 45 49 52 64 74 75 8 81 86 88 99: 141 148:0.2:0.0746268656716418
20:30:73.134328358209: 103 108 110 111 112 114 115 118 138 152 156 158 67 73 86 88 9 99: 141 155:0.2:0.462686567164179
20:30:98.5074626865672: 68: 141 38:0.2:0.970149253731343
20:30:82.089552238806: 103 108 110 111 112 115 118 144 67 8 86 99: 141 39:0.2:0.641791044776119
20:30:67.1641791044776: 103 108 110 111 112 114 115 118 136 138 152 156 158 67 72 73 77 8 86 88 9 99: 141 42:0.2:0.343283582089552
20:30:70.1492537313433: 103 108 110 111 115 118 147 152 158 160 18 4 42 45 67 73 86 88 9 99: 141 44:0.2:0.402985074626866
20:30:74.6268656716418: 103 107 108 110 111 112 114 115 118 136 152 156 73 75 86 9 99: 141 46:0.2:0.492537313432836
20:30:73.134328358209: 103 107 108 110 111 112 114 115 118 136 152 156 67 73 75 86 9 99: 141 47:0.2:0.462686567164179
20:30:67.1641791044776: 103 107 108 110 111 112 114 115 118 136 138 144 152 156 158 52 67 73 86 88 9 99: 141 48:0.2:0.343283582089552
20:30:70.1492537313433: 107 136 144 147 16 160 18 27 31 37 43 45 49 52 70 71 74 75 8 98: 141 51:0.2:0.402985074626866
20:30:76.1194029850746: 103 105 110 111 112 114 115 118 136 39 4 73 75 86 98 99: 141 64:0.2:0.522388059701492
20:30:67.1641791044776: 104 107 136 144 147 158 16 160 18 27 31 37 43 45 49 52 70 71 74 8 88 98: 141 66:0.2:0.343283582089552
20:30:94.0298507462687: 107 136 45 75: 141 95:0.2:0.880597014925373
20:30:76.1194029850746: 107 136 147 158 16 160 18 27 37 43 45 49 52 71 74 88: 141 96:0.2:0.522388059701492
20:30:59.7014925373134: 103 105 108 109 110 111 112 114 115 118 138 152 156 39 41 46 47 48 64 66 67 73 77 86 88 9 99: 144 155:0.2:0.194029850746269
20:30:98.5074626865672: 68: 144 38:0.2:0.970149253731343
20:30:67.1641791044776: 103 108 110 111 112 114 115 118 136 138 152 156 158 41 44 67 72 73 86 88 9 99: 144 42:0.2:0.343283582089552
20:30:65.6716417910448: 103 108 110 111 114 115 118 147 152 158 160 27 41 45 49 67 71 73 86 88 9 98 99: 144 44:0.2:0.313432835820896
20:30:58.2089552238806: 103 105 108 109 110 111 112 114 115 118 136 138 152 155 156 29 39 41 46 48 64 67 73 75 77 86 9 99: 144 47:0.2:0.164179104477612
20:30:67.1641791044776: 104 136 147 158 16 160 18 27 37 41 43 45 49 52 66 67 71 74 77 81 88 98: 144 96:0.2:0.343283582089552
20:30:61.1940298507463: 102 104 108 110 111 112 113 114 115 118 156 160 27 31 37 38 43 45 49 51 64 70 71 88 98 99: 147 29:0.2:0.223880597014925
20:30:85.0746268656716: 102 109 113 42 44 46 47 48 84 88: 147 73:0.2:0.701492537313433
20:30:65.6716417910448: 102 104 109 113 144 148 155 160 27 42 43 44 45 46 48 49 51 66 70 71 88 96 98: 147 9:0.2:0.313432835820896
20:30:58.2089552238806: 107 136 138 147 156 16 160 18 27 37 39 4 41 42 43 44 45 47 49 52 64 67 70 73 74 75 81 86: 148 155:0.2:0.164179104477612
20:30:67.1641791044776: 103 109 158 16 18 27 31 37 39 4 41 43 47 49 52 64 67 70 73 74 81 86: 148 46:0.2:0.343283582089552
20:30:88.0597014925373: 16 18 29 31 39 41 67 75: 148 48:0.2:0.761194029850746
20:30:89.5522388059701: 108 111 115 118 152 158 41: 148 51:0.2:0.791044776119403
20:30:82.089552238806: 108 110 111 112 114 115 118 156 41 75 86 99: 148 66:0.2:0.641791044776119
20:30:65.6716417910448: 103 107 108 110 111 114 115 118 136 138 152 156 18 29 39 41 45 52 74 75 86 9 99: 148 78:0.2:0.313432835820896
20:30:53.7313432835821: 104 107 108 115 118 136 141 144 147 158 16 160 18 27 29 31 37 38 39 41 43 45 49 52 70 71 74 75 81 88 98: 148 8:0.2:0.0746268656716418
20:30:77.6119402985075: 105 108 111 114 115 118 152 16 18 39 41 64 75 81 99: 148 95:0.2:0.552238805970149
20:30:92.5373134328358: 118 39 4 41 75: 148 96:0.2:0.850746268656716
20:30:67.1641791044776: 103 108 109 113 114 144 148 155 38 4 42 44 46 47 48 66 68 73 77 8 81 96: 152 16:0.2:0.343283582089552
20:30:76.1194029850746: 109 113 148 155 38 4 44 46 47 48 66 68 77 8 81 96: 152 18:0.2:0.522388059701492
20:30:74.6268656716418: 102 109 113 148 155 38 42 44 46 47 48 66 68 8 81 88 96: 152 27:0.2:0.492537313432836
20:30:70.1492537313433: 108 109 110 111 114 115 118 148 155 156 38 4 44 46 47 64 68 77 86 99: 152 29:0.2:0.402985074626866
20:30:74.6268656716418: 102 104 109 113 148 155 42 44 46 47 48 49 66 81 88 96 98: 152 43:0.2:0.492537313432836
20:30:79.1044776119403: 102 109 113 148 155 42 44 46 48 66 68 81 88 96: 152 45:0.2:0.582089552238806
20:30:74.6268656716418: 102 104 109 113 148 155 42 43 44 46 47 48 66 81 88 96 98: 152 49:0.2:0.492537313432836
20:30:85.0746268656716: 114 118 147 156 160 37 41 71 73 74: 152 67:0.2:0.701492537313433
20:30:77.6119402985075: 102 104 109 113 148 155 42 44 46 47 48 66 88 96 98: 152 71:0.2:0.552238805970149
20:30:74.6268656716418: 102 104 109 113 148 155 42 44 46 47 48 49 66 72 81 88 96: 152 98:0.2:0.492537313432836
20:30:61.1940298507463: 103 108 109 110 111 112 114 115 118 138 152 156 29 39 44 46 47 64 67 68 73 75 86 88 9 99: 155 38:0.2:0.223880597014925
20:30:58.2089552238806: 103 105 108 109 110 111 114 115 118 138 147 148 152 156 160 37 46 47 48 72 73 74 77 81 86 9 95 99: 155 41:0.2:0.164179104477612
20:30:95.5223880597015: 29 72 77: 155 42:0.2:0.91044776119403
20:30:98.5074626865672: 136: 155 48:0.2:0.970149253731343
20:30:64.1791044776119: 103 108 109 110 111 112 114 115 118 136 138 152 156 4 42 46 47 67 73 77 86 88 9 99: 155 78:0.2:0.283582089552239
20:30:68.6567164179104: 103 108 110 111 112 114 115 118 138 144 152 156 38 52 67 73 75 86 88 9 99: 155 8:0.2:0.373134328358209
20:30:77.6119402985075: 105 109 136 144 29 39 41 42 44 46 47 64 72 75 95: 155 81:0.2:0.552238805970149
20:30:70.1492537313433: 103 108 110 111 112 114 115 118 136 138 152 156 4 42 67 73 86 88 9 99: 155 95:0.2:0.402985074626866
20:30:59.7014925373134: 103 108 110 111 112 114 115 118 136 138 147 152 156 16 160 18 27 37 43 45 49 70 71 73 86 9 99: 155 96:0.2:0.194029850746269
20:30:68.6567164179104: 108 109 110 111 112 114 115 118 144 148 152 38 46 47 48 68 77 8 81 86 99: 156 16:0.2:0.373134328358209
20:30:88.0597014925373: 105 148 155 38 68 77 8 81: 156 18:0.2:0.761194029850746
20:30:71.6417910447761: 108 109 110 111 112 114 115 118 148 152 155 38 46 47 68 77 78 86 99: 156 29:0.2:0.432835820895522
20:30:86.5671641791045: 144 148 155 38 48 68 78 8 81: 156 52:0.2:0.73134328358209
20:30:53.7313432835821: 102 104 108 110 111 112 113 114 115 118 147 160 27 31 37 38 41 43 44 45 49 66 68 70 71 73 74 86 88 96 98: 156 67:0.2:0.0746268656716418
20:30:92.5373134328358: 111 114 115 38 88: 16 160:0.2:0.850746268656716
20:30:98.5074626865672: 51: 16 29:0.2:0.970149253731343
20:30:67.1641791044776: 102 105 109 113 144 147 148 38 4 41 42 43 44 46 47 48 49 66 71 77 96 98: 16 67:0.2:0.343283582089552
20:30:88.0597014925373: 108 111 112 114 115 38 88 99: 16 71:0.2:0.761194029850746
20:30:76.1194029850746: 103 108 109 113 136 141 144 148 152 38 46 47 48 8 81 84: 16 73:0.2:0.522388059701492
20:30:59.7014925373134: 103 105 108 109 110 111 112 114 115 118 136 141 144 148 152 156 38 4 42 44 46 47 48 77 8 81 99: 16 86:0.2:0.194029850746269
20:30:77.6119402985075: 102 103 109 113 136 144 148 38 42 46 47 48 51 8 81: 16 9:0.2:0.552238805970149
20:30:86.5671641791045: 102 104 108 111 114 115 38 88 99: 16 98:0.2:0.73134328358209
20:30:65.6716417910448: 105 108 109 110 111 112 114 115 118 136 141 144 148 38 4 46 47 48 68 77 8 81 86: 16 99:0.2:0.313432835820896
20:30:59.7014925373134: 102 104 108 110 111 112 113 114 115 118 147 156 27 31 38 43 45 49 51 64 68 70 71 72 88 98 99: 160 29:0.2:0.194029850746269
20:30:52.2388059701493: 102 104 105 109 111 112 113 114 147 155 156 27 31 37 4 41 42 43 44 45 46 48 49 52 66 70 71 74 77 88 96 98: 160 67:0.2:0.0447761194029852
20:30:86.5671641791045: 102 109 113 42 44 46 48 84 88: 160 73:0.2:0.73134328358209
20:30:64.1791044776119: 102 104 109 113 144 147 148 155 27 42 43 44 45 46 48 49 51 66 70 71 81 88 96 98: 160 9:0.2:0.283582089552239
20:30:94.0298507462687: 102 109 47 64: 18 29:0.2:0.880597014925373
20:30:58.2089552238806: 102 104 105 113 147 148 155 160 27 31 37 38 4 41 43 44 45 48 49 52 66 70 71 74 77 88 96 98: 18 67:0.2:0.164179104477612
20:30:85.0746268656716: 113 141 148 38 44 46 48 68 8 81: 18 73:0.2:0.701492537313433
20:30:73.134328358209: 102 105 109 113 141 144 148 155 38 4 44 46 47 48 68 77 8 81: 18 86:0.2:0.462686567164179
20:30:82.089552238806: 102 113 144 148 155 38 44 46 48 51 81 88: 18 9:0.2:0.641791044776119
20:30:70.1492537313433: 105 108 110 111 114 115 141 144 148 155 38 4 44 46 48 68 77 78 8 81: 18 99:0.2:0.402985074626866
20:30:65.6716417910448: 102 104 109 110 111 112 113 114 115 147 160 31 43 45 49 51 64 70 71 77 88 98 99: 27 29:0.2:0.313432835820896
20:30:56.7164179104478: 102 104 105 112 113 147 148 155 160 18 31 37 4 41 42 43 44 45 48 49 52 66 70 71 74 77 88 96 98: 27 67:0.2:0.134328358208955
20:30:79.1044776119403: 102 109 113 148 155 44 46 47 48 8 81 84 88 96: 27 73:0.2:0.582089552238806
20:30:67.1641791044776: 102 104 109 113 144 148 155 160 31 43 44 45 46 48 49 51 66 71 81 88 96 98: 27 9:0.2:0.343283582089552
20:30:64.1791044776119: 102 104 110 111 112 113 114 115 147 160 27 37 38 43 45 47 49 51 64 70 71 88 98 99: 29 31:0.2:0.283582089552239
20:30:59.7014925373134: 102 104 109 110 111 112 113 114 115 118 147 156 160 27 31 38 43 45 46 47 49 70 71 77 88 98 99: 29 37:0.2:0.194029850746269
20:30:59.7014925373134: 102 103 108 110 111 112 114 115 118 138 144 148 152 156 38 42 52 64 67 73 74 77 81 84 86 9 99: 29 4:0.2:0.194029850746269
20:30:61.1940298507463: 102 104 108 110 111 112 113 114 115 147 160 27 31 38 45 47 49 51 64 70 71 72 77 88 98 99: 29 43:0.2:0.223880597014925
20:30:59.7014925373134: 102 104 108 109 110 111 112 113 114 115 147 160 27 31 37 38 43 47 49 51 64 70 71 77 88 98 99: 29 45:0.2:0.194029850746269
20:30:62.6865671641791: 102 104 108 110 111 112 113 114 115 147 160 27 31 38 43 45 51 64 70 71 72 77 88 98 99: 29 49:0.2:0.253731343283582
20:30:89.5522388059701: 102 109 46 47 51 64 88: 29 52:0.2:0.791044776119403
20:30:82.089552238806: 109 113 155 38 39 4 41 44 46 47 77 96: 29 67:0.2:0.641791044776119
20:30:59.7014925373134: 102 104 108 109 110 111 112 113 114 115 118 147 156 160 27 31 38 43 45 47 49 51 71 77 88 98 99: 29 70:0.2:0.194029850746269
20:30:62.6865671641791: 102 104 108 109 110 111 112 113 114 115 147 160 27 31 38 43 45 49 51 64 70 77 88 98 99: 29 71:0.2:0.253731343283582
20:30:65.6716417910448: 104 105 136 141 144 147 16 160 18 27 31 37 38 41 43 45 49 52 70 71 77 8 98: 29 72:0.2:0.313432835820896
20:30:70.1492537313433: 108 109 110 111 112 114 115 118 152 155 38 4 44 46 47 64 68 77 86 99: 29 73:0.2:0.402985074626866
20:30:83.5820895522388: 102 104 109 43 47 49 51 64 70 88 98: 29 74:0.2:0.671641791044776
20:30:67.1641791044776: 108 109 110 111 112 114 115 118 144 148 152 155 156 38 4 44 46 47 68 77 78 99: 29 86:0.2:0.343283582089552
20:30:82.089552238806: 109 113 144 148 155 38 44 46 47 48 77 78: 29 9:0.2:0.641791044776119
20:30:61.1940298507463: 102 104 108 110 111 112 113 114 115 147 160 27 38 43 45 49 51 64 68 70 71 72 77 88 96 99: 29 98:0.2:0.223880597014925
20:30:61.1940298507463: 104 108 109 110 111 112 114 115 118 144 148 155 156 38 4 43 44 46 47 49 68 70 77 78 86 98: 29 99:0.2:0.223880597014925
20:30:59.7014925373134: 102 104 113 147 148 155 160 18 27 37 4 41 42 43 44 45 48 49 52 66 70 71 74 77 88 96 98: 31 67:0.2:0.194029850746269
20:30:70.1492537313433: 102 104 109 113 148 155 160 27 43 44 45 46 48 49 51 66 71 88 96 98: 31 9:0.2:0.402985074626866
20:30:65.6716417910448: 102 104 113 147 155 160 27 31 4 41 43 44 45 48 49 66 70 71 74 77 88 96 98: 37 67:0.2:0.313432835820896
20:30:82.089552238806: 102 109 113 148 155 44 46 48 49 51 88 96: 37 9:0.2:0.641791044776119
20:30:67.1641791044776: 103 108 110 111 114 115 118 138 152 155 158 16 18 29 42 67 68 73 86 88 9 99: 38 44:0.2:0.343283582089552
20:30:59.7014925373134: 103 107 108 109 110 111 112 114 115 118 136 138 152 155 156 16 29 39 47 64 67 68 73 75 86 9 99: 38 46:0.2:0.194029850746269
20:30:62.6865671641791: 103 108 109 110 111 112 114 115 118 138 152 155 156 16 29 39 46 64 67 68 73 75 86 9 99: 38 47:0.2:0.253731343283582
20:30:61.1940298507463: 103 107 108 110 111 112 114 115 118 136 138 148 152 156 16 46 52 67 68 73 77 81 84 86 9 99: 38 48:0.2:0.223880597014925
20:30:77.6119402985075: 107 136 16 18 27 29 4 43 45 52 68 71 74 75 81: 38 51:0.2:0.552238805970149
20:30:70.1492537313433: 107 136 144 158 16 160 18 27 29 31 37 43 45 49 52 68 71 74 81 88: 38 66:0.2:0.402985074626866
20:30:59.7014925373134: 105 107 109 136 141 148 155 16 18 27 29 37 39 43 45 46 47 48 51 52 64 67 68 71 74 81 95: 38 75:0.2:0.194029850746269
20:30:83.5820895522388: 105 136 29 39 4 52 64 68 75 77 9: 38 95:0.2:0.671641791044776
20:30:80.5970149253731: 107 136 152 158 16 18 27 29 45 52 68 74 86: 38 96:0.2:0.611940298507463
20:30:61.1940298507463: 103 104 105 147 148 156 160 18 27 31 37 4 43 45 46 49 52 64 70 71 72 74 77 88 95 98: 39 41:0.2:0.223880597014925
20:30:88.0597014925373: 105 138 4 64 72 77 88 95: 39 42:0.2:0.761194029850746
20:30:70.1492537313433: 104 105 147 158 16 160 18 27 31 37 4 43 45 49 70 71 74 77 88 98: 39 44:0.2:0.402985074626866
20:30:76.1194029850746: 107 136 147 148 16 18 27 43 45 49 52 64 74 81 84 88: 39 48:0.2:0.522388059701492
20:30:56.7164179104478: 103 108 109 110 111 112 114 115 118 141 144 152 155 156 29 38 4 41 42 44 46 47 64 67 68 8 84 86 99: 39 77:0.2:0.134328358208955
20:30:53.7313432835821: 103 104 108 109 110 111 112 114 115 118 138 148 155 156 158 16 18 27 31 37 43 46 47 49 64 67 73 86 9 98 99: 39 78:0.2:0.0746268656716418
20:30:83.5820895522388: 103 108 110 112 115 144 38 75 77 86 99: 39 8:0.2:0.671641791044776
20:30:68.6567164179104: 104 105 110 112 136 147 16 160 18 27 31 37 43 45 49 52 64 70 71 74 98: 39 96:0.2:0.373134328358209
20:30:82.089552238806: 105 148 156 38 39 48 51 64 67 77 84 95: 4 68:0.2:0.641791044776119
20:30:53.7313432835821: 102 103 107 109 110 112 113 136 138 141 155 156 27 37 39 41 43 44 45 46 47 48 66 71 72 78 88 9 95 96 98: 4 77:0.2:0.0746268656716418
20:30:53.7313432835821: 103 108 110 111 112 114 115 118 138 144 147 148 152 156 160 18 27 29 31 37 43 45 49 52 70 71 73 74 86 9 99: 41 42:0.2:0.0746268656716418
20:30:91.044776119403: 103 118 148 152 72 73: 41 44:0.2:0.82089552238806
20:30:58.2089552238806: 104 105 109 114 147 148 160 18 27 31 37 39 4 43 45 46 49 52 70 71 72 73 74 75 77 88 95 98: 41 64:0.2:0.164179104477612
20:30:86.5671641791045: 107 112 136 148 16 51 67 77 81: 41 66:0.2:0.73134328358209
20:30:89.5522388059701: 136 144 148 72 77 81 88: 41 96:0.2:0.791044776119403
20:30:83.5820895522388: 105 107 109 158 29 47 64 72 75 77 88: 42 46:0.2:0.671641791044776
20:30:88.0597014925373: 105 109 29 46 64 72 77 88: 42 47:0.2:0.761194029850746
20:30:88.0597014925373: 105 107 148 4 72 77 81 95: 42 48:0.2:0.761194029850746
20:30:80.5970149253731: 105 108 138 29 39 4 67 72 75 77 88 9 95: 42 64:0.2:0.611940298507463
20:30:64.1791044776119: 103 108 110 111 112 114 115 118 136 138 141 144 152 156 16 38 4 67 72 73 86 88 9 99: 42 8:0.2:0.283582089552239
20:30:53.7313432835821: 102 104 111 112 113 114 115 147 148 155 160 27 31 37 4 41 42 44 45 46 48 49 52 66 70 71 74 88 96 98 99: 43 67:0.2:0.0746268656716418
20:30:77.6119402985075: 102 109 113 148 155 42 44 46 48 49 81 84 88 96 98: 43 73:0.2:0.552238805970149
20:30:62.6865671641791: 102 104 109 113 138 148 155 160 27 42 44 45 46 48 49 51 66 70 71 72 81 84 88 96 98: 43 9:0.2:0.253731343283582
20:30:88.0597014925373: 107 112 136 156 158 37 75 88: 44 46:0.2:0.761194029850746
20:30:73.134328358209: 104 112 147 156 158 160 18 27 31 37 43 45 49 70 71 75 88 98: 44 47:0.2:0.462686567164179
20:30:95.5223880597015: 136 4 77: 44 48:0.2:0.91044776119403
20:30:65.6716417910448: 104 105 147 158 160 18 27 31 37 39 4 42 43 45 49 67 70 71 74 75 77 88 98: 44 64:0.2:0.313432835820896
20:30:68.6567164179104: 103 107 108 110 111 112 114 115 118 136 152 16 4 52 67 73 74 77 86 9 99: 44 66:0.2:0.373134328358209
20:30:67.1641791044776: 103 108 109 110 111 114 115 118 138 152 4 41 42 46 47 67 73 77 86 88 9 99: 44 78:0.2:0.343283582089552
20:30:58.2089552238806: 103 104 108 115 118 144 147 152 16 160 18 27 29 31 37 38 4 43 45 49 67 70 71 74 86 88 98 99: 44 8:0.2:0.164179104477612
20:30:74.6268656716418: 105 108 110 111 114 115 118 136 152 4 41 42 67 77 86 88 99: 44 95:0.2:0.492537313432836
20:30:91.044776119403: 108 115 118 136 152 77: 44 96:0.2:0.82089552238806
20:30:56.7164179104478: 102 104 112 113 147 148 155 160 18 27 31 37 4 41 42 43 44 46 48 49 66 70 71 74 77 81 88 96 98: 45 67:0.2:0.134328358208955
20:30:82.089552238806: 102 109 113 141 148 44 46 48 81 84 88 96: 45 73:0.2:0.641791044776119
20:30:65.6716417910448: 102 104 109 113 144 148 155 160 27 42 43 44 46 48 49 51 66 71 81 88 95 96 98: 45 9:0.2:0.313432835820896
20:30:52.2388059701493: 103 108 109 110 111 112 114 115 118 147 152 156 160 27 31 37 39 4 43 45 47 49 52 64 67 70 71 73 74 86 9 99: 46 51:0.2:0.0447761194029852
20:30:67.1641791044776: 103 107 108 110 111 112 114 115 118 136 144 152 156 16 18 29 38 73 75 86 9 99: 46 8:0.2:0.343283582089552
20:30:79.1044776119403: 105 109 141 155 158 29 39 41 44 47 64 72 88 95: 46 81:0.2:0.582089552238806
20:30:77.6119402985075: 103 108 110 111 112 114 115 118 152 156 4 67 73 86 99: 46 95:0.2:0.552238805970149
20:30:65.6716417910448: 103 108 109 110 111 112 114 115 118 152 156 158 27 37 43 45 49 52 73 75 86 9 99: 46 96:0.2:0.313432835820896
20:30:71.6417910447761: 103 107 108 110 111 112 114 115 118 136 144 152 156 16 29 73 75 86 99: 47 8:0.2:0.432835820895522
20:30:76.1194029850746: 105 109 144 148 155 158 29 39 41 44 46 64 72 75 88 95: 47 81:0.2:0.522388059701492
20:30:73.134328358209: 103 108 110 111 112 114 115 118 152 156 4 45 52 67 73 74 86 99: 47 95:0.2:0.462686567164179
20:30:55.2238805970149: 103 104 108 109 110 111 112 114 115 118 147 152 156 160 18 27 31 37 43 45 46 49 52 70 71 73 74 86 98 99: 47 96:0.2:0.104477611940299
20:30:73.134328358209: 103 108 110 111 112 114 115 118 152 156 27 31 37 67 73 86 9 99: 48 51:0.2:0.462686567164179
20:30:71.6417910447761: 104 138 147 148 160 27 39 4 43 45 49 52 71 74 81 84 88 9 98: 48 64:0.2:0.432835820895522
20:30:55.2238805970149: 103 104 105 108 110 111 112 114 115 118 138 147 152 156 16 160 18 27 31 37 43 45 49 70 71 73 86 9 98 99: 48 66:0.2:0.104477611940299
20:30:65.6716417910448: 103 108 109 110 111 112 114 115 118 138 141 152 156 46 47 67 73 74 84 86 88 9 99: 48 78:0.2:0.313432835820896
20:30:59.7014925373134: 103 107 108 110 111 112 114 115 118 136 144 152 156 16 18 27 43 45 52 73 74 77 84 86 88 9 99: 48 8:0.2:0.194029850746269
20:30:77.6119402985075: 105 109 147 38 39 41 44 46 47 64 72 74 75 77 95: 48 81:0.2:0.552238805970149
20:30:79.1044776119403: 103 108 110 111 112 114 115 118 138 156 37 73 9 99: 48 96:0.2:0.582089552238806
20:30:52.2388059701493: 102 104 109 111 112 113 114 115 147 148 155 160 27 31 37 4 41 42 43 44 45 46 48 66 70 71 74 77 88 96 98 99: 49 67:0.2:0.0447761194029852
20:30:76.1194029850746: 102 109 113 148 155 42 43 44 46 47 48 72 84 88 96 98: 49 73:0.2:0.522388059701492
20:30:64.1791044776119: 102 104 109 113 147 148 155 160 27 42 43 44 45 46 48 51 66 70 71 72 81 88 96 98: 49 9:0.2:0.283582089552239
20:30:53.7313432835821: 104 105 107 110 111 112 114 115 136 147 152 156 16 160 18 27 31 37 39 43 45 49 52 67 70 71 73 74 86 98 99: 51 64:0.2:0.0746268656716418
20:30:97.0149253731343: 158 88: 51 66:0.2:0.940298507462687
20:30:85.0746268656716: 107 136 138 147 158 45 52 71 74 9: 51 78:0.2:0.701492537313433
20:30:68.6567164179104: 104 107 136 141 144 147 16 160 18 27 31 37 43 45 49 52 70 71 74 75 98: 51 8:0.2:0.373134328358209
20:30:95.5223880597015: 105 16 39: 51 95:0.2:0.91044776119403
20:30:95.5223880597015: 4 67 75: 51 96:0.2:0.91044776119403
20:30:58.2089552238806: 102 104 113 144 147 148 155 160 18 27 31 37 4 41 42 43 44 45 48 49 66 70 71 74 77 88 96 98: 52 67:0.2:0.164179104477612
20:30:82.089552238806: 102 113 144 148 155 38 42 48 51 78 81 88: 52 9:0.2:0.641791044776119
20:30:80.5970149253731: 111 141 144 148 155 38 48 68 77 78 8 81 88: 52 99:0.2:0.611940298507463
20:30:55.2238805970149: 103 105 108 109 110 111 112 114 115 118 141 144 152 155 29 38 39 4 41 42 44 46 47 67 68 73 8 84 86 99: 64 77:0.2:0.104477611940299
20:30:53.7313432835821: 103 104 105 108 109 110 111 112 114 115 118 141 152 156 158 16 160 18 27 31 39 43 46 47 49 71 73 86 9 98 99: 64 78:0.2:0.0746268656716418
20:30:82.089552238806: 105 107 112 114 115 136 144 38 39 4 75 77: 64 8:0.2:0.641791044776119
20:30:65.6716417910448: 104 105 112 114 147 16 160 18 27 31 37 39 4 43 45 49 52 70 71 74 75 88 98: 64 96:0.2:0.313432835820896
20:30:76.1194029850746: 107 136 147 160 18 27 31 37 43 45 49 52 70 71 74 88: 66 78:0.2:0.522388059701492
20:30:64.1791044776119: 104 107 136 141 144 147 158 16 160 18 27 29 31 37 38 43 45 49 52 70 71 74 88 98: 66 8:0.2:0.283582089552239
20:30:85.0746268656716: 105 107 147 158 16 160 18 31 64 88: 66 95:0.2:0.701492537313433
20:30:100:-1: 66 96:0.2:1
20:30:52.2388059701493: 102 104 110 111 112 113 114 115 147 148 155 156 160 27 31 37 4 41 42 43 44 45 48 49 52 66 71 74 88 96 98 99: 67 70:0.2:0.0447761194029852
20:30:94.0298507462687: 152 41 71 74: 67 73:0.2:0.880597014925373
20:30:58.2089552238806: 102 104 113 144 147 148 155 160 18 27 31 37 4 41 42 43 44 45 48 49 52 66 70 71 77 88 96 98: 67 74:0.2:0.164179104477612
20:30:64.1791044776119: 104 108 110 111 112 114 115 118 147 156 160 27 31 37 41 43 49 66 70 71 73 74 98 99: 67 86:0.2:0.283582089552239
20:30:92.5373134328358: 105 4 41 73 77: 67 9:0.2:0.850746268656716
20:30:55.2238805970149: 102 104 108 110 111 112 113 114 115 118 147 156 160 27 31 37 38 41 43 44 45 49 66 68 70 71 73 86 96 98: 67 99:0.2:0.104477611940299
20:30:71.6417910447761: 102 104 113 147 148 155 160 27 43 44 45 46 48 49 51 71 88 96 98: 70 9:0.2:0.432835820895522
20:30:64.1791044776119: 102 104 109 113 144 147 148 155 160 27 42 43 44 45 46 48 49 51 66 70 88 95 96 98: 71 9:0.2:0.283582089552239
20:30:74.6268656716418: 102 104 109 113 148 155 42 43 44 46 47 48 49 72 84 88 96: 73 98:0.2:0.492537313432836
20:30:80.5970149253731: 102 113 144 148 155 42 44 46 48 51 78 81 88: 74 9:0.2:0.611940298507463
20:30:80.5970149253731: 144 158 16 29 4 41 42 44 68 8 81 84 9: 77 78:0.2:0.611940298507463
20:30:73.134328358209: 102 109 141 144 155 160 29 38 4 41 42 44 46 47 68 8 81 84: 77 95:0.2:0.462686567164179
20:30:77.6119402985075: 136 138 141 144 158 16 18 27 38 43 46 75 77 9 98: 78 8:0.2:0.552238805970149
20:30:65.6716417910448: 103 104 105 108 110 111 112 114 115 118 138 152 156 39 67 72 73 75 77 86 88 9 99: 78 81:0.2:0.313432835820896
20:30:97.0149253731343: 46 9: 78 95:0.2:0.940298507462687
20:30:88.0597014925373: 147 45 46 52 67 74 86 9: 78 96:0.2:0.761194029850746
20:30:59.7014925373134: 103 107 108 110 111 112 114 115 118 136 138 141 144 152 156 16 38 39 41 64 72 73 75 86 88 9 99: 8 81:0.2:0.194029850746269
20:30:74.6268656716418: 107 136 141 144 16 160 27 31 43 45 49 52 71 74 75 77 98: 8 95:0.2:0.492537313432836
20:30:71.6417910447761: 104 107 136 147 16 160 18 27 31 37 43 45 49 52 70 71 74 88 98: 8 96:0.2:0.432835820895522
20:30:61.1940298507463: 102 104 109 113 138 148 155 160 27 42 43 44 45 46 48 49 51 66 70 71 72 81 84 88 95 96: 9 98:0.2:0.223880597014925
20:30:95.5223880597015: 105 4 67: 95 96:0.2:0.91044776119403
